280 280
260 5 265 11 271 17 23 153 26 157 40 180 185 186 189 83 211 215 221 95 105 235 236 116 245 118 246
0 136 266 11 269 144 277 23 25 154 27 157 31 42 173 50 180 181 54 184 59 70 74 216 99 234 245 254
267 14 271 275 22 151 279 153 34 39 44 186 193 71 201 202 212 213 88 94 223 233 109 239 240 123 125 255
129 6 9 268 15 272 274 18 276 146 153 28 158 43 172 53 54 57 190 193 196 70 201 75 81 216 90 94 223 106 112 113 116 247 121 254 255
106 276 46
2 35 165 134 230 136 137 12 77 142 205 116 94 156 222 159
5 264 140 268 146 19 274 18 151 157 36 174 47 175 185 189 61 191 194 199 201 206 89 91 100 106 110 112 246 250 254
162 136 201 274 83 51
129 259 268 271 16 273 17 276 34 43 175 181 60 61 67 199 72 214 97 98 245 252 126
128 132 260 266 143 272 276 21 31 32 33 176 178 59 60 65 66 198 199 73 75 78 211 225 101 229 238 111 239 113 243 117
242 133 78 183
121 38 8 267 205 145 114 83 244 214 89 58 59 220
99 156 55
223 231 200 80 113 208 84 20 151 31 222 95
201
15 16 144 147 20 276 22 151 154 34 163 165 171 44 49 177 51 57 191 192 68 199 202 79 84 120
256 105 140 272 146 183 89 215
33 163 261 47 277 185
226 259 137 267 44 268 206 47 180 85 117 279 214 149 125 159
161 70 169 10 75 173 146 147 217 122 59 92 254
257 2 3 131 265 266 139 12 13 271 148 277 22 151 29 157 35 167 178 181 185 63 196 200 84 213 217 93 94 96 98 232 105 110 242 122 252
225 129 131 65 71 238 79 46 210 157 214 150 58 92 221 62
256 0 130 132 17 18 277 22 151 152 153 25 38 40 170 176 52 58 59 63 65 193 194 196 74 79 87 218 95 226 232 107 112 243 119 250
129 227 67 12 140 219 177 50 275 276 183 187 126 127
257 132 263 143 271 145 149 153 30 45 179 183 59 64 202 207 84 92 222 228 112 113 246 119 122 251
256 258 3 135 264 265 142 15 272 145 146 20 23 153 32 38 168 173 179 58 59 64 196 199 73 75 205 209 81 83 84 86 227 231 104 237 112 114 243 115
240 78 253 222
129 2 4 136 10 139 268 14 271 21 152 159 32 36 165 178 181 182 184 65 66 197 198 76 210 212 88 223 97 226 103 104 233 237 246 247 248 126
8 10 11 139 24 33 168 45 173 58 62 192 66 69 70 210 213 88 97 226 232 117 121
261 263 10 140 20 152 25 155 27 32 39 40 170 175 49 56 64 65 68 70 71 206 209 211 213 86 94 240 241 243 116 119 248 251 125 126
0 129 137 138 266 12 144 17 145 275 20 277 278 29 161 164 39 169 42 173 50 53 187 188 59 189 194 67 195 72 202 227 104 249 251 124
32 129 226 130 228 37 71 74 138 47 223
260 262 135 276 155 30 159 35 37 172 45 174 175 173 52 54 183 62 63 64 197 77 78 216 217 90 222 98 233 117 252
261 267 20 26 31 162 163 168 169 41 46 49 68 212 96 105 250 236 241 116 246 122
70 167 42 139 10 237 207 243 277 86 23 153 247 189 31
68 133 135 141 78 271 48 241 145 147 245 118 157 221 223
131 133 5 6 10 267 268 143 272 18 276 167 42 43 44 177 78 79 83 211 222 228 229 230 234
256 100 45 278 214 189
66 133 38 71 9 107 108 45 271 209 113 180 182 27 28 62
102 269 208 146 210 216 251 223
257 134 136 19 21 22 23 27 160 166 39 44 45 173 178 60 62 65 69 198 71 199 79 119 98 227 102 234 108 114 243 247 120 250 123 253 255
256 130 9 11 275 23 24 156 30 36 165 43 50 51 182 55 185 58 187 60 68 69 70 201 75 205 83 213 216 88 90 220 227 103 106 240 242 116 117
1 261 134 262 263 265 139 268 270 21 278 277 152 25 157 30 41 172 48 54 184 60 191 65 194 67 206 208 214 89 219 95 224 227 108 125 253 255
130 203 53 26 126
190 239
171 276 182 88 91 222 255
258 260 262 137 138 267 11 268 16 275 148 155 34 164 40 169 176 51 52 183 212 213 88 91 96 228 104 234 237 242 116 248 250 123 124 253
5 11 12 144 18 163 165 170 176 177 61 67 72 214 232 233 115 244 255
0 129 1 130 11 13 144 272 17 146 23 152 162 169 42 43 46 47 53 54 56 193 66 194 202 76 77 92 221 226 99 103 105 235 239 242 245 247 126 127
136 11 270 144 19 150 152 157 37 175 182 195 204 76 229 102 232 105 242 245 249
129 2 131 134 149 30 168 41 45 68 69 90 92 95 230 231 237 250 127
142 272 146 20 24 28 32 40 43 44 49 52 55 70 198 205 79 217 220 221 109 244
34 68 151 89 186 223
260 263 139 14 144 150 31 163 169 45 185 58 188 70 75 204 84 221 96 225 97 99 101 230 102 236 109 114
5 134 9 139 12 13 142 272 277 26 157 163 166 42 47 50 55 185 58 60 61 64 70 80 212 85 93 96 229 234 106 237 115 244 116 127
129 143 276 23 165 39 178 53 55 187 188 68 70 216 91 115 120 122 252
256 223 228 100 37 8 78 271 240 241 274 243 20 248 152 255
4 135 10 267 140 14 270 272 148 149 26 28 158 34 41 178 55 183 61 64 71 203 78 206 80 81 84 87 216 88 92 96 231 239 242 244 117 246 124
197 241 50 150 120 155 60 158
1 260 7 263 267 142 17 21 24 164 36 172 175 180 181 54 188 189 61 192 200 74 204 81 85 214 215 219 93 221 224 227 239 117 247 125
128 5 7 139 142 143 17 152 158 161 168 172 53 182 57 79 80 211 220 240
258 99 197 175 240 17 215 58
258 262 267 18 147 22 154 30 33 161 163 40 178 51 184 65 67 74 207 210 91 221 93 95 94 97 99 232 250 110 113 115 119 120 249 122 253
128 1 0 259 261 263 265 269 275 152 159 33 34 42 44 45 172 47 48 58 188 60 64 67 74 203 77 78 209 213 94 96 99 236 108 118 119 123 255
6 271 144 273 36 38 47 62 64 192 66 198 200 206 79 210 86 92 226
267 17 21 149 277 27 164 43 46 49 58 199 207 210 212 217 96 98 226 228 236 110 111 254
129 3 261 135 8 265 266 267 12 274 275 150 29 158 157 40 173 46 180 186 190 67 71 203 76 205 219 96 228 102 107 235 241 245 118 249
104 179 164 141
32 88 50 75
128 121 9 42 113 178 210 148 150 88 89 186 94
131 13 146 39 173 45 177 189 63 194 202 79 211 212 229 234 107 236 121
128 5 135 20 278 23 152 42 58 191 77 208 213 216 90 93 224 96 98 238
260 10 13 145 148 21 159 39 170 51 54 61 194 83 84 93 96 99 103 241 114 115 119 120 252
260 261 138 12 271 17 37 166 44 46 52 186 191 66 201 74 78 206 81 84 96 226 229 106 107 237 244 126 127
32 66 164 167 168 109
256 257 261 6 135 134 136 11 12 13 14 278 27 32 175 177 179 182 59 60 189 63 65 193 70 198 86 90 222 224 230 103 234 238 119 120
130 259 135 143 273 274 162 39 181 67 196 69 70 209 222 227 228 104 110 111 112 246 255
160 64 44 109 49 114 19 117
228 60 111 144 16 252
168 83 101 30
192 133 70 101 41 204 268 108 142 81 146 52 85 182 248 154 253 222
192 165 39 104 144 56 185
263 171 142 18 149
0 256 1 131 9 30 33 34 35 172 46 51 193 68 223 97 99 229 232 239 113 246 119 253 255
164 229 77 181 213 87 185 62
174 230
1 131 133 136 138 267 10 266 20 152 33 41 172 173 176 49 187 66 68 207 215 229 240 241 114 252 127
65 225 258 230 262 39 263 266 235 38 237 222 180 84 86 216 157 158
161 65 226 263 180 86 183 123
262 169 10 172 173 270 205 144 148 277 181 212 152
4 265 15 18 151 24 30 32 61 64 71 81 90 92 223 101 107 112 117 120 122 252
162 172 44 142 53 156
165 7 47 18 155 60
129 258 131 265 266 267 138 275 149 156 33 34 37 43 174 179 182 68 71 75 83 213 223 240 241 246
6 11 12 271 25 154 159 34 163 36 166 170 49 57 60 69 71 204 208 221 95 223 225 97 99 105 108 114 115 122 252 127
128 193 69 262 166 168 264 74 204 210 52 245 24 25 58 61 158 95
2 67 39 168 169 201 267 108 40 43 177 118 215 87 188
128 276 20 150 173 175 50 183 194 71 72 207 96 100 106 108 109 110 242 244
1 271 20 277 149 279 150 28 34 166 45 183 58 189 65 194 78 102 235 115 117 253
256 4 5 138 140 151 156 170 178 54 183 56 57 68 69 206 78 210 86 224 98 228 113
96 227 168 234 106 268 12 142 80 241 51 211 53 180 216 153 91
258 233 141 209 223
33 2 259 227 225 38 231 10 139 267 271 144 113 114 181 186 29
258 130 133 274 19 151 154 30 160 172 185 191 194 74 202 211 222 96 112 251
4 260 138 267 271 22 27 160 39 42 75 76 204 211 221 225 227 228 233 106 239 113 115 117 119 122 252
37 108 187 78 204 112 272 150 87 22 155
260 133 136 11 16 157 164 165 174 180 182 57 58 63 193 206 212 213 95 99 239 121
3 264 137 24 159 165 40 56 189 73 78 209 210 215 217 91 222 226 108 114 248 253
193 227 196 163 231 8 169 105 201 206 50 157 94
1 2 257 258 134 270 272 19 149 278 28 29 34 165 168 170 48 178 180 53 54 183 191 193 198 199 207 80 89 95 225 100 101 103 114 243 246 252
2 162 133 200 265 104 141 17 178 51 179 119 91 60 95
32 77 46 273 245 156
129 5 135 269 141 152 27 162 35 46 181 54 58 188 197 81 211 213 85 221 226 99 103 116
97 70 7 78 175 176 113 243 180 55 254 120 57 187 252 190
129 138 270 17 146 19 149 25 156 30 159 34 51 53 54 182 184 55 57 62 196 70 71 210 212 85 87 89 90 92 96 104 105 235 246 122
122 229 95
138 267 268 140 18 19 146 25 174 48 180 182 183 191 65 196 198 75 207 208 84 85 229 108 238 113 245 254
128 133 134 138 267 140 277 279 163 164 165 36 39 37 185 192 64 203 76 209 210 222 96 102 118 250 123 253
257 131 135 7 137 138 13 144 18 277 22 30 171 176 52 54 183 64 71 206 209 210 212 91 219 94 95 230 231 234
256 133 262 5 264 137 10 11 271 278 28 38 47 55 183 57 61 66 195 197 71 217 91 92 232 237 240 250 252
256 193 2 100 229 70 36 168 268 76 243 244 245 118 182
0 260 5 202 139 269 79 17 52 117 53 150 59
161 99 166 71 40 266 43 140 77 269 45 80 81 18 116 181
5 133 142 143 144 277 23 27 29 162 43 44 174 56 186 60 70 73 75 212 97 227 101 234 123
129 226 263 135 71 142 15 144 112 272 244 119 124
2 167 168 106 11 43 178 211 84 249 61
256 0 259 260 265 12 273 150 158 159 168 169 43 44 47 51 59 62 192 65 69 199 200 76 204 80 209 83 213 215 88 89 218 93 94 231 107 110
256 260 263 138 10 266 141 142 143 145 18 21 25 154 29 30 159 33 34 164 42 175 49 54 58 61 71 200 72 84 94 223 229 237 239 127
256 3 8 265 137 268 13 269 16 19 279 154 29 158 39 44 49 179 186 192 214 224 104 233 109 240 249 124
102 95
164 231 203 268 108 118 278 190
262 8 15 146 147 24 25 159 32 160 33 34 164 165 168 46 181 198 199 74 212 214 88 94 223 231 234 235 240 112 125 255
128 132 6 262 9 13 269 148 149 20 151 27 155 159 32 167 40 170 46 55 186 59 199 203 75 77 82 83 211 219 222 94 96 107 109 110 239 114 116
129 258 133 6 272 147 278 41 170 180 67 77 79 208 209 213 88 216 89 100 234 112 115 122 123
129 133 262 263 277 154 166 169 170 47 180 185 186 61 193 195 201 203 77 210 211 83 240 115 245 246 118
135 136 9 143 26 29 166 168 174 49 51 53 182 185 61 194 70 74 79 93 99
1 257 260 132 134 7 9 12 15 17 145 148 23 24 153 152 163 41 177 54 182 56 209 89 99 243 247 251
0 1 258 133 138 272 17 151 154 156 29 162 35 36 163 167 171 174 53 59 188 63 192 72 203 79 81 216 90 223 224 225 110 111 241 118 119 126
209 196 62
256 194 231 135 72 10 268 77 78 80 209 116 149 156 95
34 4 137 105 241
1 259 133 141 160 163 35 169 178 50 64 194 66 199 72 205 225 230 107 243 124
99 132 229 67 39 72 107 13 143 208 175 50 48 278 56 185
128 198 231 169 75 108 173 13 204 240 16 244 53 55 215 123 125 255
14 17 274 23 31 32 171 172 46 61 195 69 74 79 80 98 232 105 104 236 114 247 120
1 259 135 9 11 141 271 272 147 19 25 26 27 156 162 167 41 172 47 50 65 67 209 213 88 94 230 104 237 243 245 246 119 120 250
269 141 15 145 277 279 25 161 35 41 45 46 182 184 191 66 199 73 202 210 211 87 218 224 225 232 239 243 245 252 126
257 135 8 32 171 172 177 50 56 199 202 80 89 228 229 236 110 246 247 252 126
114 111
7 139 142 18 157 166 39 169 42 44 177 192 194 67 75 206 78 80 87 219 226 230 239 111 124
97 225 129 4 103 231 137 43 268 107 175 15 19 21 245 250 91 158
1 3 267 143 273 19 20 23 153 155 157 159 39 175 50 179 182 191 198 72 200 77 87 220 92 224 226 234 110 238 240 114 243 115 127
98 35 130 277 251 223
5 262 138 12 147 21 22 151 28 29 158 164 39 169 43 44 46 57 62 66 67 69 73 206 79 80 236 238 114 242 248 251 125 126
2 263 137 10 13 142 151 155 29 32 166 44 180 58 68 202 81 211 84 226 99 101 235 245
231 233 171 236 46 111 179
128 8 267 21 24 32 35 37 43 175 180 187 195 196 208 217 95 102 252 125
192 226 99 195 132 203 204 109 141 13 174 113 209 235 183 63
2 3 261 134 10 266 16 146 278 153 25 156 31 34 174 51 180 64 202 205 78 90 218 220 102 119 125 254
101 261 102 200 221
128 257 1 4 132 267 21 151 32 33 165 44 174 46 47 177 54 55 186 61 190 75 209 84 85 218 219 223 229 232 108 110 111 241 116 244 246 248
0 258 131 3 9 11 13 14 148 20 153 30 41 43 178 179 53 190 192 207 215 103 105 108 239 241 118 250 124 127
256 129 130 131 137 9 14 271 148 150 151 27 156 158 159 162 163 173 174 175 49 178 55 60 62 196 71 202 212 221 100 244 117 126
256 42 235 108 171 207 188 151 184 249 120 157
257 5 261 266 141 143 144 153 30 163 35 168 178 52 186 187 71 72 200 202 78 79 81 214 216 217 90 220 94 96 226 100 230 115 245 121 122 251
9 142 276 20 23 30 35 165 43 49 185 59 192 68 217 221 224 103 104 231 112 245 251
133 261 10 11 17 274 152 26 34 56 65 195 72 202 205 79 89 219 91 220 119 252
193 90 60 252
8 25
0 2 262 268 273 145 148 277 278 29 36 37 178 52 184 59 65 197 70 72 211 84 213 217 220 221 97 226 98 231 121 125
133 262 139 15 23 27 36 167 183 196 70 198 71 72 205 77 79 81 211 214 220 221 97 113 245 118 122 126
260 133 7 264 141 142 15 144 25 154 157 165 40 44 181 58 67 197 75 205 77 78 206 89 218 220 101 113 243
90 155
6 8 269 15 278 154 156 170 171 49 182 56 59 61 192 76 208 209 210 106 242 114 254 253 126
3 68 174 270 117 249 218 191
129 6 77 173 277 53
262 264 8 139 268 141 270 20 149 155 159 163 175 54 186 63 193 66 77 206 212 86 87 91 114
130 14 15 145 275 147 277 150 26 27 29 30 160 34 166 173 187 191 65 68 198 70 201 74 203 210 101 241 116 244
265 151 25 161 37 182 56 188 61 191 197 202 75 212 93 228 107 108 121 122 254
5
133 5 7 8 136 14 279 38 166 172 175 55 215 93 95 119 122 251 254 255
7 138 10 140 144 278 34 163 162 171 45 174 48 179 180 64 68 200 82 213 215 88 95 227 103 104 231 237 111 119 120 251 254
3 133 139 144 275 28 156 163 39 51 180 63 197 75 204 81 87 216 105 242 243 119 121 254
256 14 15 150 151 24 156 157 158 38 171 49 181 58 67 69 213 214 215 217 218 224 105 235 237 240 117 120 249
131 9 12 13 155 161 163 35 51 189 196 69 198 83 218 91 223 228 235 240 115 127
5 134 7 138 268 147 155 156 46 54 183 193 79 212 213 93 95 223 225 98 105 238 117 245 247 121 250
134 7 271 144 277 278 27 164 38 41 54 185 58 66 74 202 76 78 82 83 212 216 217 94 97 230 105 111 243 245 117 252
197 1 198 265
68 133 170 250 78 144 275 276 87 122
256 34 228 101 198 262 103 200 173 14 245 85 120 152 254
33 36 4 168 267 139 143 16 150 183 187 92
7 73 205 147 182 91
132 273 146 18 275 150 279 22 25 152 161 162 33 37 40 53 209 83 219 222 225 226 228 234 240 241 246 118 126
6 267 139 17 19 152 26 28 29 164 41 170 53 183 57 60 62 195 205 85 90 220 94 225 230 104 241 116 118
128 193 261 230 103 12 175 177 243 91 190
128 1 130 136 9 266 13 269 144 18 19 150 23 151 153 26 36 44 175 51 52 184 187 190 70 199 201 203 204 82 83 211 84 92 225 246 249 253 254
104 89 5 157
136 273 145 146 22 23 27 168 185 192 68 208 210 227 101 232 107 240 122 254 127
128 5 134 9 11 13 269 145 275 149 22 37 166 42 172 47 52 54 182 183 57 187 189 190 193 194 201 74 203 82 215 216 91 240 117
6 9 137 266 265 13 148 150 152 155 158 32 161 166 167 42 171 52 188 189 62 199 79 86 217 219 93 98 231 105 106 236 237 111 246
24 51 261
258 131 137 10 272 273 21 23 155 160 170 171 45 173 177 57 197 77 212 217 90 93 249 250
128 258 259 261 264 136 270 143 17 24 152 33 162 37 39 175 57 197 198 69 207 79 81 83 86 89 91 223 226 100 235 114 121 255
266 12 143 147 22 152 27 157 37 42 171 45 175 49 180 55 191 66 196 200 74 205 207 81 83 212 89 224 102 230 104 107 110 124 241 112 244 252 253
159 99 168 267 107 13 142 144 273 146 87 152 216 63 31
129 5 263 138 146 40 181 182 187 72 207 218 219 229 110 241 248 249 250 123
131 263 11 139 13 146 278 150 25 27 155 159 33 162 38 169 181 183 56 190 63 192 75 203 210 83 211 217 93 222 227 231 232 107 110 114 124
0 128 3 263 11 271 146 27 28 32 160 33 37 165 45 50 179 52 184 60 66 69 74 75 212 213 214 228 233 110 241 116 249 255
257 259 261 38 101 48 187 62
133 25 27 159 165 166 169 170 172 46 55 57 64 66 73 76 79 80 83 90 219 221 224 230 232 105 108 110 116 244 245 120
99 135 108 86 25
257 259 137 11 277 27 167 170 175 56 64 198 79 211 212 95 100 236 242
196 101 269 13 245 55 88 89 91 31 30 127
258 260 6 15 147 148 279 152 40 193 69 71 212 217 100 234 107 114 115 122 253
66 136 73 61 147 119 217 154 63 255
3 11 142 149 27 28 158 31 166 177 180 183 184 60 189 197 69 71 203 206 207 208 210 211 92 223 249 230 101 235 112 240 115 121 122 123 124
263 268 144 146 22 152 32 163 35 36 169 174 182 183 194 83 215 92 226 99 237 238 112 114 246 255
11
2 4 8 34 38 167 40 173 176 58 60 67 68 198 213 90 93 104 107 241 249
1 129 263 9 148 279 155 157 164 167 41 171 46 180 181 183 61 62 191 193 69 200 201 203 78 210 212 84 90 219 95 106 237 111 125
3 70 207 15 88
233 178 76 207
0 135 139 12 157 37 166 45 181 188 76 213 217 222 102 105 111 120 121 255
131 135 7 12 14 278 199 78 83 213 218 91 219 222 225 105 242 244 255
1 260 200 201 171 108 141 46 14 208 19 20 53 23 119 88 188
4 138 12 16 146 148 151 25 157 165 167 44 45 47 49 179 59 69 200 205 80 212 217 219 94 225 228 103 236 111 241
260 263 10 266 146 18 19 22 157 166 167 43 54 183 55 67 201 74 77 212 224 227 228 231 113 116 119 126
131 137 139 273 25 29 160 35 42 173 48 49 51 185 58 187 60 63 72 75 76 84 95 98 227 242 115 248 121 122 124
6 134 267 151 154 33 177 50 58 61 75 216 218 220 223 228 231 108 109 241 124
161 259 233 202 171 107 266 175 50 84 254 184 183 155 222 223
123 89 3 187
130 99 133 262 71 200 137 241 19 276 83 93 153 188 63 31
112
130 8 10 272 274 275 149 27 161 37 43 176 180 57 64 71 201 90 102 107 108 115
165 199 141 47 112 81 178 243 61 213 271 25 250 188 222 190 63
6 8 11 15 147 156 162 36 38 48 185 61 189 62 68 197 70 71 74 78 215 231 236 110 124 241 118 120 123 252
257 260 268 17 19 150 170 42 51 182 59 61 190 198 72 85 92 109 239 118
160 65 1 162 255 136 233 42 11 75 40 143 181 185 125 191
129 258 5 134 133 6 10 12 273 146 171 46 49 57 66 201 202 204 90 96 101 232 104 234 235 111 120 121 126
262 10 139 268 271 16 32 168 172 46 50 54 190 65 71 73 78 81 228 230 104 108 245 249 255
2 131 36 194 102 134 75 155 268 46 79 171 179 148 184 123 190 126
129 130 269 270 147 276 22 153 26 167 51 64 197 88 90 225 102 233 235 238 240 243 115 248 122
256 5 8 267 14 17 145 153 162 34 165 38 168 40 169 46 51 180 181 188 190 192 67 200 204 206 212 215 220 99 100 234 112 115 251 126
98 132 133 168 207 112 47 84 189 30
194 34 164 100 230 102 138 175 242 53 279 250 247 28 253 222 159
192 193 66 37 72 42 75 204 172 144 273 18 50 212 245 214 86 91
168 201 233 139 178 247 24 250 219 92
0 129 258 4 267 145 150 155 33 39 40 42 45 177 51 180 53 179 189 65 66 198 199 70 74 84 86 215 98 228 103 232 109 241 115 116 245 248 249 122
168 109 272 178 115 22
161 162 225 35 34 163 264 44 268 210 114 20 154 187
3 4 134 266 139 154 155 159 32 162 37 169 44 174 53 56 190 191 76 81 85 214 118 247
265 144 18 146 276 149 36 165 166 167 169 47 176 178 51 52 181 60 197 72 73 213 93 96 103 237 114 115 244 243 119 126
162 36 38 199 166 105 176 275 148 181 278 86 251 93
145 243 21
256 161 197 5 264 232 170 9 108 269 50 86 57 27 190 223
128 132 5 4 133 136 265 266 19 150 279 155 32 41 171 49 177 179 183 185 192 193 196 71 72 206 208 217 92 96 225 101 104 242 244 121 123 254
249 210 213
1 133 262 137 18 147 278 279 24 150 154 47 176 51 184 58 197 72 74 203 214 90 103 111 240 116 123
194 37 144 274 211
3 132 261 138 139 267 275 154 156 161 42 49 54 55 185 58 61 63 194 196 73 77 83 213 86 215 214 218 91 92 225 109 116 117 246
257 67 100 197 137
72 137 55 121 126
0 37 197 136 201 175
0 34 227 19 247 251
160 229 202 13 110 79 241 211 20 222
8 267 145 19 279 34 46 192 193 71 201 75 77 84 215 88 98 228 232 105 107 246 125
257 6 267 269 272 16 274 147 22 26 40 42 182 55 59 190 64 66 69 199 74 91 94 99 109 239 124
128 137 10 272 17 274 148 153 31 160 32 173 49 60 190 193 70 203 204 77 206 213 215 224 226 229 105 106 109 238 241 116 251 253 126
96 162 3 201 137 43 142 244 246 55 151 279 255
40 45 142 16 275 20 51 183 217 59 62
76
136 265 142 272 145 149 31 36 168 172 178 180 53 56 187 192 195 69 197 76 77 89 94 226 227 231 116 245 247 126 127
128 129 135 136 7 10 266 270 143 273 275 276 28 156 48 54 185 189 62 191 211 91 98 101 107 238 114 121 124 125 254 127
128 132 133 262 139 273 20 159 40 41 170 175 51 54 56 57 61 193 212 107 243
202 74 118 154 60 127
135 15 143 146 277 32 33 57 65 199 74 203 82 215 91 101 240 242 120
0 3 135 141 144 274 275 22 23 153 26 161 173 177 181 55 196 71 82 212 87 221 231 123 254
102 73 211 117 21 159
192 101 231 135 199 271 148 89 158
5 7 135 14 270 274 150 155 158 161 163 37 38 170 42 46 175 179 61 192 199 72 77 214 91 247 96 100 228 106 109 237 242 116 118 119 255
