300 300
258 14 277 156 290 36 38 295 40 41 46 178 53 67 211 85 222 224 228 102 122 236 116 117 246 250
260 144 274 22 284 36 167 174 64 69 70 208 84 226 231 235 111 121 254
41 202 107 49 275
262 12 270 144 21 151 153 36 167 296 44 179 53 193 67 69 199 84 219 242 117 250 253
4 261 8 139 12 141 148 21 149 25 31 43 53 187 190 192 64 69 82 86 89 93 240 122 253 127
260 4 6 8 137 11 268 12 142 17 280 282 27 293 168 41 43 51 52 185 186 70 199 78 81 85 225 228 231 108 111 247
131 6 138 139 149 21 280 29 287 33 295 297 298 299 43 46 175 49 51 53 185 57 61 191 65 68 200 209 210 82 215 216 94 104 233 105 111 116 246 120
97 4 166 215 282
228 79 246 221 94
1 2 11 139 271 144 274 276 148 278 283 284 287 289 162 296 169 174 175 49 180 53 183 185 61 189 65 195 67 69 82 83 214 98 226 103 242 245 249
256 129 130 259 9 265 266 11 17 19 278 281 283 27 156 155 32 162 164 36 169 170 46 176 177 185 188 71 79 83 84 211 90 101 107 114 115 245 118 253
257 132 5 12 282 34 35 191 64 72 73 203 86 87 88 222 109 110 244 122 126
257 6 264 9 278 24 156 36 294 179 180 57 60 65 199 86 219 100 228 107
258 259 147 28 158 161 33 35 168 298 171 44 46 176 183 184 55 186 65 66 68 202 75 204 82 213 226 234 236 113 123
256 133 270 271 15 161 35 292 293 42 177 52 57 186 59 66 197 82 238 115 116 117 245
257 131 199 40 72 234 44 204 12 111 143 80 210 52 181 28 253 126
5 267 271 17 148 277 278 171 174 47 48 178 54 183 185 59 60 61 188 191 208 82 212 217 101 110 111 247 255
132 5 136 264 16 145 147 154 28 284 290 296 41 168 171 172 48 52 181 60 61 191 201 76 83 89 95 96 225 97 107 240 117 250 123
121 98 106 20 185 186 190
3 133 262 265 10 139 9 13 269 17 18 21 151 284 289 291 166 169 170 299 44 46 183 56 184 58 193 68 71 206 217 224 99 106 235 109 114 244 121 251
131 255 133 138 143 144 18 20 282 155 30 159 36 38 173 45 181 187 60 64 200 202 78 208 81 85 213 88 218 219 92 90 220 95 229 231 232 253 127
288 134 232 140 113 274 152 188
128 257 259 10 269 143 274 275 280 287 160 295 168 49 55 184 60 193 71 200 73 204 83 85 217 235 239 252 125
228 262 6 40 264 106 268 46 116 254 218 219 94 287
98 131 230 40 169 42 171 107 9 186 111 43 108 174 214 58 251 159
0 128 3 136 265 11 14 143 24 156 286 163 36 165 49 51 191 195 205 216 89 224 103 231 107 251
133 264 136 10 12 269 25 282 35 166 53 181 183 186 189 62 194 69 202 87 91 95 231 104 233 106 109 110 112 242 115 117 126
266 12 270 147 20 295 40 47 182 58 66 76 225 235 236 111 112 122 255
8 137 138 269 13 276 25 154 155 159 160 31 287 163 162 161 48 178 182 188 190 191 193 70 72 73 213 214 218 219 221 96 227 99 106 239
259 133 15 143 150 153 155 284 31 288 160 162 35 289 164 299 175 54 55 185 187 67 207 82 211 212 85 218 91 221 222 227 99 229 241 249
129 4 268 146 23 285 157 158 293 166 38 167 171 175 49 52 55 184 66 197 72 201 200 85 93 223 226 99 101 102 233 235 237 251
34 194 229 168 137 202 171 297 77 239 176 17 242 51 55 24 57 91
192 65 7 104 11 57 237 15 177 86 248 185 92 95
130 262 6 9 12 269 14 271 145 277 154 156 287 167 171 180 182 196 199 203 77 79 82 85 217 90 92 231 112 242 245 118 251 252 255
262 139 273 153 283 29 32 171 52 185 198 70 204 212 84 219 238 239 125
129 132 135 264 265 13 144 274 21 154 283 31 288 161 291 164 49 185 196 69 200 202 210 216 240 113 252 251 124 253
259 261 137 17 19 20 22 151 153 156 28 284 157 288 289 298 53 55 61 191 192 193 195 67 197 199 208 82 85 86 105 112 116 249 251 124
0 1 4 135 138 13 271 272 275 278 281 159 162 293 166 177 52 53 56 186 64 197 209 82 84 94 99 100 234 109 110 114 249 253
256 3 262 135 8 266 139 11 270 143 273 275 23 30 31 161 163 294 39 171 47 49 50 54 55 70 75 207 208 89 90 222 94 225 226 102 233 247 251
130 263 136 139 273 145 17 20 278 150 157 286 32 291 292 35 36 296 173 175 48 190 63 201 75 208 87 94 223 104 107 236 116 117 119 253
60 135
6 137 11 267 13 270 18 147 27 284 28 34 35 42 171 298 50 52 54 64 195 201 74 75 76 204 78 77 80 207 210 213 87 225 227 230 239 114 121
161 100 134 199 235 239 112 116 54 250 123 253 254
21
17
34 194 102 136 268 80 54 279 152 249
259 68 5 296 137 173 113 185 255
0 135 136 9 273 274 275 278 33 289 35 298 172 180 182 55 57 59 63 201 208 87 227 232 111 113 245 122 123 254
134 135 264 139 17 281 285 29 158 162 39 168 297 177 54 59 68 211 90 105 240 113 249 255
192 196 229 134 38 230 74 75 176 177 274 18 54 152 89 126 221 94
257 136 269 143 144 16 275 150 31 35 164 299 52 59 64 197 70 204 205 207 81 82 210 216 97 228 237 109 243 119 248 254
289 166 7 267 85 125
1 70 231 264 200 75 240 218 126
259 4 133 134 140 269 273 277 35 36 297 299 46 188 191 192 195 196 73 77 210 83 212 217 96 97 233 107 110 240 243 246 251
129 143 145 147 282 27 284 33 35 296 40 299 54 187 192 198 74 211 83 213 95 231 103 105 234 242 117
256 65 130 195 198 231 201 266 267 84 287
131 10 141 16 17 273 149 150 23 155 33 290 292 38 41 185 186 202 79 84 90 218 220 98 100 101 229 234 114 242
6 40 171 216 126
4 263 10 268 145 278 285 30 290 48 51 53 190 63 64 73 203 210 212 219 93 224 229 105 110 115 243
128 259 7 264 9 267 139 271 16 272 17 18 15 150 26 287 160 161 290 164 39 297 299 175 180 181 58 59 67 72 201 210 222 230 107 109 239 241 119
96 297 42 49 156 211 148 85 29 183 185 187 92 285
133 263 9 269 208 184 251
131 100 38 167 140 237 269 144 209 180 150 121 285
32 229 198 85 149 117
257 66 3 40 50 251
289 68 6 171 48 51 284 158
8 139 273 18 152 283 294 169 298 173 57 61 64 65 197 75 213 229 103 239 120 251 125
130 17 145 19 277 153 29 160 293 171 175 178 181 60 190 63 64 67 198 71 72 73 74 75 208 217 92 221 106 107 239 244 117 119 249 122
229 37 38 296 166 107 78 116 53 287
258 259 255 265 271 146 152 160 165 293 54 186 188 64 66 67 74 229 127
269 142 290 35 39 44 181 182 57 59 189 192 72 78 82 216 221 102 231 244 251
258 262 21 149 26 158 288 34 46 176 183 58 196 85 219 102 231 104 242
4 263 295 136 141 145 244 150 248 126 221 222
264 41 49 54 215 58
258 138 140 17 146 21 22 25 283 158 160 32 168 299 43 173 52 53 76 212 213 87 216 92 228 230 234 106 241 114 115 247 122 126
258 16 277 278 156 286 163 36 40 296 299 46 48 59 196 200 208 83 87 91 94 222 224 99 229 102 109 240 243 115 117
256 258 265 9 141 270 271 273 274 275 283 289 33 164 36 295 296 172 185 186 61 62 68 74 78 209 82 214 219 92 220 223 95 227 99 236 110 115 245 248
257 263 8 138 10 267 269 141 143 15 144 23 30 162 294 39 55 198 71 203 75 213 85 216 218 90 94 226 232 106 238 115 247 125 126
129 33 99 66 39 232 139 107 45 77 268 281 187 94
194 196 264 170 43 149 117 186 27 220
257 259 261 265 137 16 18 148 23 289 41 169 299 172 60 193 214 90 220 102 112 241 249 251 252 126
131 139 21 26 27 283 167 296 297 43 178 57 58 63 191 200 215 96 225 234 236 119
224 66 194 154 269 237 271 79 77 150 55 285 123 61 31
130 3 133 265 15 147 19 28 296 171 46 182 57 191 65 68 77 81 212 85 94 226 104 242
8 267 14 271 21 283 29 290 35 36 296 173 179 51 53 183 187 61 202 75 206 207 90 230 110
261 6 11 269 143 144 273 277 279 159 293 170 47 53 56 63 64 191 194 209 81 216 107 238 113 244 125
169 10 42 45 143 48 183
129 1 2 134 263 136 267 269 149 151 27 31 159 164 42 43 52 185 64 195 201 74 75 204 82 83 86 89 219 94 224 225 229 101 104 113 243 119 120 253
195 244
96 0 198 154 168 139 205 270 207 48 112 147 19 53 248 26 127 255
2 5 263 135 8 12 21 22 151 25 158 32 33 162 292 293 41 42 171 46 56 59 194 203 206 79 80 81 85 213 215 93 230 106 107 242 244 119 125
1 130 5 18 19 278 28 31 162 35 291 297 171 47 51 184 57 60 190 192 65 69 74 206 210 87 91 94 223 224 226 230 235 109 113 121
65 68 165 166 231 168 78 147 27 61
6 12 272 17 149 280 26 27 162 165 39 42 171 203 209 224 230 110 243 120 252 253
64 161 74 172 270 207 209 178 244 214 249 90 220
33 162 226 69 214 247 286
163 262 231 241 209 245 278 121 221
130 259 10 142 18 149 25 29 288 33 163 291 168 41 174 175 47 50 185 64 69 75 77 217 93 221 232 246
257 132 261 263 11 142 270 16 145 146 147 21 150 27 298 173 183 58 59 67 70 206 87 218 90 225 101 235 239 115 249
257 286 32 33 39 296 41 42 190 191 194 196 68 70 73 93 99 228 110 249
89 66 168 27 10 41 14 239 272 17 118 119 152 185 218 123 285 159
0 133 7 267 140 17 24 153 155 283 288 297 50 188 68 197 81 212 89 220 222 237 241 245 246 254
193 35 133 103 265 204 141 238 175 208 113 145 268 181 279 90 223
95
133 7 264 136 138 11 140 270 16 18 150 155 31 289 296 178 179 184 187 194 70 71 200 84 90 247 218 222 96 225 104 250 108 109 237 245 119 122
258 260 267 12 17 147 20 277 156 284 32 34 165 38 39 40 293 173 48 51 190 201 73 202 76 209 214 218 95 225 232 110 240 242 117 121
2 262 142 146 18 276 280 27 160 288 163 38 66 77 79 83 86 221 233
0 6 264 8 269 15 27 286 161 35 37 294 299 172 43 175 184 57 188 63 192 70 72 203 204 207 208 211 91 223 99 233 106 110 244 245 121 252
2 134 17 150 23 154 155 287 159 32 36 37 166 296 41 44 49 54 58 186 63 197 209 84 88 89 92 231 105 108 116 118 119 248 124 255
131 163 67 262 72 234 141 142 237 271 148 53 278 213 219 286
0 161 229 293 6 136 233 73 139 265 109 133 44 179 150 280 249 286
267 13 14 270 276 21 149 284 285 29 38 185 187 59 192 229 105 110 116 248 251
143 274 150 287 289 35 292 297 298 41 175 184 186 63 70 87 217 98 231 105 111 112
0 130 7 264 266 12 14 271 150 278 22 151 26 289 162 38 295 45 47 178 181 183 185 187 195 72 202 211 88 93 222 226 227 108 109 240 119 125 255
6 135 9 141 16 144 147 22 27 31 292 38 39 62 200 78 211 215 216 217 222 103 234 235 110 114 119 250 124 254
256 194 100 101 15 29 55 93
0 257 132 135 146 20 277 24 25 282 158 287 288 159 290 36 298 174 47 46 182 56 187 192 70 199 73 201 203 80 84 222 95 223 230 103 108 239 241 250
129 2 132 7 9 10 11 274 25 282 283 26 157 30 34 35 292 293 170 171 298 299 53 187 188 193 66 69 95 225 99 231 112 115 244 122 123
162 194 137 146 83 184 284 126
1 257 131 261 135 266 143 17 277 24 32 172 193 66 194 89 219 93 94 95 222 226 99 101 106 235 248 122 251
261 264 272 18 21 156 284 31 288 291 36 163 298 186 189 63 70 198 72 201 213 214 90 222
96 289 133 108 83 154 123 190
65 130 34 223 199 137 43 14 111 208 85 55 90 219 124 95 31
195 263 24 156 126
0 265 141 18 149 281 285 289 34 294 167 43 176 179 193 194 67 208 217 220 221 235 113 247
262 263 135 17 273 20 21 277 26 29 161 34 171 172 178 183 185 186 58 61 197 81 210 213 102 243 251 254
67 140 79 145 148 54 183
137 143 16 17 18 164 42 44 175 54 61 193 77 79 209 211 212 220 95 227 228 234 237 118
289 257 259 292 230 12 180 84 215 29 254
48 181
159 66 35 292 39 9 43 76 177 148 246 55 216 153 88 120 31
124
241 146 53 86 279
263 266 12 15 144 275 20 148 285 158 29 286 33 34 35 167 41 47 52 53 61 193 194 66 196 70 75 81 85 216 101 105 240 245 253 254
268 18 147 276 151 279 153 25 27 284 24 286 290 36 37 299 185 61 63 192 65 66 197 71 81 211 213 99 232 237 120 252
128 137 271 145 273 147 278 283 284 33 289 163 36 296 40 176 182 184 60 64 72 207 80 82 86 220 92 221 102 107 110 115 116 245 124
11 271 19 276 277 279 159 291 37 167 297 46 175 178 58 59 189 62 63 192 195 70 201 205 208 82 87 217 222 97 101 252
256 4 263 136 7 17 146 279 152 284 157 33 163 37 294 296 297 298 43 52 53 55 187 190 72 81 85 86 215 90 220 226 100 231 110 240 242 120 251 255
257 258 9 139 12 141 19 148 152 161 291 48 185 196 198 201 202 75 211 214 218 222 225 230 236 237 110 114 120 254
98 139 286
256 258 260 267 26 155 30 48 187 60 190 78 81 217 90 99 245 120 255
212
262 18 19 281 154 158 35 37 298 57 193 65 74 203 205 217 99 101 111 121 250 126
260 261 134 279 23 25 284 286 38 297 174 191 69 197 200 239 112 115 255
256 7 264 16 18 275 277 22 283 158 164 39 298 170 45 55 63 195 200 72 203 81 211 215 103 118 126
256 257 258 2 4 134 135 137 10 9 270 274 146 277 22 278 26 282 283 40 45 50 55 57 189 66 195 69 72 211 213 217 222 98 228 101 105 243 121 251
69
256 133 134 7 143 272 273 274 275 276 16 280 281 158 159 288 287 291 163 49 177 184 56 186 188 196 81 82 211 98 99 100 122 234 240 113 245 250 252 254
258 132 16 276 31 292 39 168 48 51 54 183 197 80 90 92 94 100 240 113 248 255
160 162 168 167
32 1 66 3 126 261 167 266 299 75 222 180 182 54 154 27 125 158
79
128 258 6 136 9 139 141 272 277 23 279 151 156 32 34 294 170 298 49 54 184 186 189 65 66 73 205 77 82 211 89 218 92 103 233 237 112 251
72 84 37 279
139 273 21 153 291 164 36 38 167 39 172 188 189 65 68 70 205 78 210 87 93 95 255
128 16 144 18 280 283 33 173 46 47 51 179 181 53 55 59 60 194 73 74 76 205 88 89 90 218 220 94 95 228 229 236 113 251
258 131 261 262 7 12 13 269 15 271 19 280 285 287 161 34 163 36 38 175 54 57 69 74 202 210 216 218 221 222 100 127 255
0 262 140 269 146 153 155 158 286 163 164 36 293 37 174 176 51 52 182 55 190 66 197 222 104 106 113 243 246
128 134 267 281 158 162 168 41 170 171 298 173 172 52 56 58 71 73 78 206 215 91 92 104 107 127 252 126 255
258 132 11 12 269 142 15 274 23 280 155 290 36 37 165 39 296 177 54 55 63 92 104 105 112 243 116 246 252 127
160 1 162 233 77 238 47 272 175 212 55 150 87 151 218 190 191
1 143 151 157 44 52 182 58 189 190 198 70 83 215 94 95 100 101 103 107 237 115 118
129 2 132 133 13 143 15 145 18 23 281 25 30 31 287 161 36 38 296 297 299 46 175 179 59 62 64 81 219 221 227 100 228 109 114 116 250 124 127
142 146 154 284 32 34 292 296 177 50 194 71 201 205 84 109 238 111 125 255
33 6 8 73 105 74 239 111 274 115 146 148 246 120 92
133 9 274 23 283 284 292 295 168 298 45 175 47 48 183 55 185 187 63 199 200 203 76 207 86 215 91 121 102 105 236 240 113 242 249 250 126
256 137 11 140 15 273 274 146 279 289 46 181 62 69 200 78 97 228 106 238 118 126
4 73 206 285 30
129 130 3 132 13 275 280 154 27 289 35 38 39 296 41 50 55 65 194 195 70 200 202 207 80 213 218 227 234 235 241
292 40 232 27 171 238 251 111 113 178 179 17 59 94
192 256 5 70 38 205 146 84 284 87 121 92 158
64 108 80 209 114 121 154 157
128 256 258 10 139 268 12 146 30 291 41 298 43 60 62 193 194 70 71 199 209 91 92 221 97 226 100 231 107 242 117 251 125
294 71 91 43 235 12 144 88 221 154 27 189
256 4 133 262 137 149 153 25 32 294 295 40 171 62 194 67 69 79 210 211 84 85 82 88 89 216 219 108 113 242 116 244 250
151 201 127 255
262 8 19 20 149 24 155 286 287 159 293 169 175 178 57 58 60 190 192 197 70 86 217 89 218 223 99 232 238 245 246 252 255
129 100 4 164 104 171 237 173 178 146 212 245 213 279
6 10 138 282 284 292 166 297 169 177 50 194 199 204 226 234 108 114 253
144 98 119
7
6 9 270 144 280 282 160 292 167 40 55 192 203 78 207 85 214 219 93 97 102 241 119 121 255
89 67 217 167 7 47 271 243 84 119 55 216 57 29
11 269 18 275 19 278 280 29 36 165 173 48 180 65 224 96 99 230 239 112 240 115 245 119 248 255
260 5 135 268 141 16 273 275 277 155 284 286 33 290 39 41 180 188 61 74 223 99 101 103 104 245 248 126
131 141 14 16 19 21 149 26 164 170 175 181 57 62 63 199 210 83 213 216 90 108 245 248
256 249 146 73
129 68 5 137 202 235 172 204 14 15 241 19 180 282 123 188 286
69 172 111 208 49 50 242 244 181 118 22 88 89 250 251 189 30
1 134 135 136 289 166 296 299 173 176 49 50 179 185 60 70 204 78 213 217 96 229 108 114 247 248 123 253 254
160 224 165 40 136 297 107 79 146 53 278 220 285
288 97 67 164 165 6 199 136 134 75 207 243 252 125
9 268 279 155 28 288 164 40 58 186 76 95 224 230 109 239 111 113 120 255
192 290 197 262 134 202 206 244 116 86 183 62 186 190
226 261 293 27 75 207 47 175 239 51 117 215 59
96 197 231 39 140 149 58
64 191 262 11 235 141 174 207 179 148 20 23 27 220 190 31
258 260 263 8 266 145 18 23 153 29 30 287 285 33 41 298 44 174 49 180 56 185 57 193 195 199 72 77 207 80 211 83 108 111 112 242 244 120 253 126
2 67 6 106 16 242 211 54 251
136 9 12 142 271 16 151 282 155 28 158 286 289 290 38 41 297 190 192 73 77 208 209 211 84 214 106 239 114
194 133 166 267 76 173 47 240 209 277 86 245 214 58 93
2 4 136 10 277 153 159 160 176 50 54 190 74 75 80 210 225 100 101 111 243 251
141 145 280 27 29 160 39 296 175 53 58 61 65 201 76 213 85 92 97 226 231 236 120
129 1 257 5 9 139 275 20 149 280 25 26 285 287 160 33 161 163 166 295 173 46 48 49 179 191 193 199 87 221 96 225 101 107 240 113 241 246 127
2 137 142 17 147 281 155 27 31 290 36 40 168 180 61 67 68 69 70 198 210 224 109 113 250 251 255
160 32 2 259 263 206 148 150 189
258 5 134 7 8 141 17 146 19 20 22 154 287 291 35 165 166 167 177 50 180 201 74 82 213 217 92 220 230 231 105 108 119 248
260 5 138 273 275 147 276 278 23 280 282 158 164 37 294 296 43 173 180 53 181 57 193 70 74 205 213 96 98 227 239 115 123 255
296 212 52
288 43 52 180 214 247 219 223
2 130 16 146 280 154 156 31 32 166 180 53 57 188 195 67 80 107 242 243 122 253 126 127
9 83 17 71
132 133 71 265 106 42 201 173 270 74 176 239 178 80 116 283 125
164 90 6 231 265 9 11 111 16 178 278 215 250 28
192 196 90 292 295 282 208 176 147 19 58 187 95
259 8 11 272 17 19 278 151 154 158 294 38 42 171 187 191 76 205 208 212 213 214 85 216 89 91 219 221 99 238 115 245 118 248 121 124 253
260 133 263 267 140 143 274 280 282 157 288 289 291 40 44 54 185 189 62 191 68 70 201 73 206 208 81 220 224 97 225 233 115 249 252
0 96 197 294 165 205 238 239 79 244 277 214 215 24 90 285 190 127
256 130 5 6 267 276 287 160 32 163 170 175 55 191 73 211 100 251 245 123
256 133 264 13 16 17 278 27 38 170 52 59 192 194 90 219 220 228 231 232 235 251 111 113 116 119 123
193 34 43 204 268 142 46 109 177 140 48 22 247 248 121 28 61
90 39 38 23
33 280 164 197 68 263 140 241 20 53 248 122
261 7 135 272 18 20 154 30 34 181 53 186 193 66 72 204 79 81 82 113 120
128 3 131 263 16 19 276 23 161 34 38 174 47 49 177 52 180 186 60 63 194 74 206 79 211 83 87 217 223 98 102 234 235 242 114 246 122
72 170 239 214 56 91 60 189
0 257 5 6 135 136 263 8 143 272 276 149 279 153 26 159 40 173 188 62 199 200 207 81 90 227 229 103 104 237 116 248 122
7 269 273 159 164 37 295 40 173 47 189 69 81 213 85 87 226 228 124
240 272 91 207
131 4 6 135 139 141 142 15 276 21 22 151 30 32 35 37 42 49 56 194 199 71 202 84 239 111 242 116 249 250
256 1 130 2 259 265 268 17 150 282 30 167 169 185 59 70 199 72 201 212 223 110 115 118 119 250 254
295 264 71 145 279 61
192 226 195 98 132 229 10 298 274 23 125 247 61 254
130 31
258 263 137 11 270 272 146 24 27 36 292 40 172 54 63 199 204 80 110 115 245 250 125 126
8 137 13 16 20 151 155 288 168 41 169 296 45 46 187 62 192 80 83 213 222 229 231 107 122 127
237 147 52 244 25 286 126 223
131 261 262 266 17 150 279 153 25 288 161 291 36 293 166 39 46 47 176 55 189 190 66 195 196 197 213 87 88 218 219 223 224 226 228 109 119 252
256 258 131 260 133 6 261 267 274 20 276 281 154 156 31 288 290 165 43 48 53 183 185 61 190 64 194 198 85 224 99 107 236 115 244 116 119 120 121 126
223 35 99 166 199 297 106 271 175 85 154 188 255
259 131 261 7 10 267 270 146 19 283 287 181 57 193 206 84 106 109 240 118 249 252
257 149 24 281 282 285 288 291 165 37 178 53 54 188 68 213 93 222 223 227 230 105 109 110 238 113 118 248
129 1 3 260 257 267 140 146 275 282 163 168 52 63 65 67 71 206 213 91 220 226 227 237 251
290 131 4 37 139 238 270 175 82 114 148 245 184 252 221 30 223
167 265 172 236 52
165 172 79 50 150 119 215 92 190
97 226 232 297 18 24 125
256 263 266 139 270 279 281 28 285 30 31 287 32 38 40 297 171 44 179 181 56 64 194 68 88 222 231 115 119
102 17 84 216 249 154
280 167 196 63
1 5 135 140 143 17 274 277 158 293 170 173 176 179 64 196 197 78 87 223 95 225 102 234 239 244 247 120 122
15 275 279 36 171 173 178 57 60 212 87 89 220 224 100 103 232 233 113 123 126
108
257 171 108 118 153
244
262 146 21 279 281 29 161 292 169 42 50 179 52 61 192 200 77 210 108 239 241 247 126
288 2 99 36 292 6 90 298 202 268 109 270 47 115 250 254
259 203 204 76 111 176 25
248 71 158 30
128 5 270 15 272 16 148 281 160 290 35 38 297 178 185 60 189 194 200 89 92 228 232 237 239
0 129 262 7 11 139 274 20 21 276 282 157 40 297 168 45 176 177 55 185 57 61 190 199 204 217 89 94 230 234 108 109 123 124 125
256 65 129 100 260 8 137 41 168 139 15 272 81 283 126 223
2 263 135 137 272 16 274 279 25 282 30 31 288 160 36 165 166 38 40 41 172 45 49 52 184 201 78 80 211 222 249 230 243 248 121 123 252 254
160 225 8 106 210 215 155 253 95
90 92
256 259 7 144 25 154 283 28 160 293 38 47 48 179 64 192 68 70 71 202 212 219 220 223 95 228 235 240 241 244 117 245
258 3 137 266 138 13 14 144 147 19 21 151 25 284 285 32 292 39 168 298 173 181 193 194 68 70 200 75 214 88 120 232 236 111 114 248
5
194 3 68 233 205 14 143 46 18 114 182 216 155 126
261 134 146 19 37 296 40 170 174 50 57 186 59 195 73 81 212 221 98 102 243 255
33 196 68 38 168 141 176 22 219 222
193 162 2 163 106 46 272 115 147 53 28 63
131 274 275 283 28 34 163 50 200 73 74 211 92 225 230 238 111 112 242 116 125
130 277 278 151 30 162 163 166 43 50 179 52 183 189 65 68 202 78 79 207 221 109 238 117 250
33 34 259 102 297 9 43 138 207 16 146 85 54 216 184
256 1 259 132 7 105 236 46 80 81 252
128 259 264 136 10 17 276 153 281 28 284 288 36 37 172 175 177 53 57 196 217 221 98 226 100 104 106 108 109 238 111 237 115 251 125
257 3 4 8 269 143 17 275 147 21 281 25 290 174 183 63 196 197 73 208 227 105 119 123
136 8 161 34 165 299 174 58 189 62 198 70 201 75 82 86 105 236 109 244 249
0 128 9 11 27 158 160 169 299 51 52 54 183 59 62 206 92 234 109 112
1 258 262 7 266 11 15 144 17 282 284 287 160 34 295 170 47 183 58 192 65 66 71 209 105 243 124 125 126
256 259 269 270 271 142 141 148 23 24 25 152 27 280 155 167 296 42 171 299 181 189 193 204 81 93 227 101 102 110 119
4 266 138 139 141 268 272 279 281 156 284 294 41 46 49 191 196 212 213 215 247 123
96 0 291 38 203 269 83 24 89 218 284 125 191
41 162 226 198
0 129 10 139 11 33 42 298 43 46 61 63 64 201 202 206 79 207 210 212 226 99 100 101 239 245 246
272 16 20 85 246 54 21
289 130 227 257 166 202 141 271 81 189 116 86 87 218 93
161 137 270 175 153 29
102 136 299 48 49 211 84 124 29 158
256 259 260 8 139 273 18 275 19 21 276 285 190 74 208 216 218 98 229 230 103 110 112 240 244 245 250
2 262 134 269 270 150 23 280 283 27 158 286 49 53 60 203 77 225 99 227 101 112
128 1 130 259 196 154 41 106 298 268 142 47 49 22 248 126 252 30
267 273 279 288 33 165 170 298 177 50 181 56 65 200 76 208 83 95 107 242 124
256 257 130 3 6 135 139 269 14 143 270 17 144 19 28 158 290 35 165 170 47 54 64 65 66 70 73 202 203 78 209 213 93 232 236 109 116 117 255
129 4 260 6 138 15 273 274 154 155 28 160 161 34 163 162 36 291 168 171 51 184 61 66 202 75 77 206 79 216 218 220 94 98 228 111 123
197 206 176 177 85 215 253 29 95
1 215 104 296 10 106 140 187 205 209 145 277 86 54 248 122 283 28
129 2 258 133 6 263 8 266 17 275 30 289 161 293 39 169 171 53 183 60 188 198 73 203 204 207 216 88 226 106 117 246 247 123 255
132 136 264 13 15 144 146 149 279 24 282 284 29 34 295 43 299 175 51 55 66 205 209 89 234 240 115 248 250 251
