500 500
89 444 183
417 3 421 298 490 333 174 85 473 154 348
224 276 383
67 3 42 493 335 399 16 467 22 247
385 131 135 395 268 396 398 142 22 412 158 417 289 290 43 433 439 64 197 71 74 459 205 208 82 346 219 220 348 223 482 366 240 498 382
223 359 200 39 328 331 427 391 79 369 435 180 21 151 221 63
291 459 81 213 25
259 388 8 401 30 44 442 59 452 325 76 464 84 213 344 477 361 238 368 242 379
48 453
293 299 398 338 309 253 287
0 262 266 400 275 276 410 27 159 292 176 308 55 440 64 325 70 329 330 203 201 473 225 233 106 491 496 113 245
132 389 268 19 404 158 38 302 47 186 59 444 61 449 196 325 452 453 200 75 350 487 360 492 110
146 277 24 282 283 415 289 417 35 46 47 176 306 307 311 184 445 197 200 330 461 462 337 82 340 85 349 224 225 486 487 361 111 370 243 251 252 125
385 5 266 394 148 277 154 164 63 455 200 330 343 473 347 478 353 359 363 236 119 121 381
353 436 421 79
394 144 157 163 420 41 299 171 50 436 437 442 204 85 97 102 491 109 370 121
256 2 13 407 27 155 32 289 35 166 423 40 169 428 48 437 185 446 62 455 463 83 341 86 344 88 89 348 95 223 100 359 106 234 239 498 122 124
352 257 130 293 166 199 233 11 434 338 86 120 251 287
193 74 299 202 362 78 15 433 273 211 53 22 218 123 29 30
2 133 389 265 9 404 280 34 182 61 196 198 328 338 215 90 360 499 119
198 203 112 209 245 316 61 415
129 3 406 154 283 286 36 437 438 329 77 81 340 470 345 92 98 487 490 369 117
0 97 198 137 427 237 461 367 273 145 348 54 407 24 186 284 30
64 356 485 11 51 436 405 342 439 216 441 282 115 319
201 229 361
162 195 230 8 394 76 368 89 476 319
261 137 141 400 403 404 406 279 159 419 291 420 298 429 431 432 305 50 436 310 313 61 447 449 452 199 457 460 333 470 215 98 357 103 242 117 122
99 180
132 15 275 413 415 32 165 42 431 47 434 51 191 64 449 195 70 71 331 333 77 339 473 92 479 224 353 481 229 486 231 362 497 120 123 125 126 127
1 3 409 412 34 301 435 198 209 341 470 218 348 98 232 362 123 112 247 250 251 252
384 385 257 4 5 136 12 20 279 411 162 35 171 428 437 187 60 62 319 320 447 199 204 461 338 346 477 499 116 374 123
256 0 390 137 142 21 157 39 297 302 306 53 190 333 80 82 213 345 98 485 488 105 236 372 250
265 396 173 239 240 468 117 21 438 184 26 286 95
379 326
321 129 357 490 493 221
337 329 451 446
393 268 397 398 271 402 274 146 282 27 287 288 417 165 296 428 49 434 52 181 310 443 67 71 455 331 203 211 343 99 486 103 104 490 491 492 238 371 373 380
258 3 261 142 18 404 409 35 36 424 174 175 181 184 454 200 456 459 335 213 475 250 107 372 375 122
393 75 491 91 157 30
1 387 262 10 145 273 403 404 20 154 283 417 46 444 449 66 197 205 85 346 222 483 231 488 238 239 241 372
256 137 9 393 277 21 279 412 162 164 173 184 61 66 69 70 459 205 461 86 93 362 363 367 372 246 122 126
337 390
0 2 135 266 267 270 146 275 279 151 24 414 158 288 290 421 293 173 176 179 53 437 313 61 452 71 457 458 330 336 465 467 213 87 221 352 480 484 100 383
131 135 11 269 398 15 270 149 26 154 162 296 309 53 183 441 313 443 60 452 199 200 458 338 211 468 469 342 471 348 103 489 499 117 122 125
130 261 136 403 20 29 292 301 175 176 50 308 181 442 444 64 324 329 346 475 219 348 222 479 95 360 233 362 237 239 369 371 117 122 126
8 268 270 14 277 21 157 34 290 296 298 433 49 51 435 438 439 185 316 317 318 68 197 326 455 328 324 342 470 218 94 97 105 110 112 370 243
128 394 153 27 412 157 415 289 290 35 293 41 300 188 190 453 71 202 459 460 334 335 209 476 225 227 361 363 239 368 370 243 116 119
389 7 138 139 272 18 280 153 44 45 303 55 322 323 198 455 74 330 343 479 481 226 228 369 374 247
6 137 268 397 24 163 165 182 440 58 318 74 333 205 212 468 88 219 224 230 109 238 251 379 383
71 415
128 259 4 390 392 10 267 14 405 149 277 32 160 161 164 49 182 54 55 441 315 189 67 198 200 335 468 217 99 100 357 363 494 117 118 247 120 379 255
263 11 277 150 151 289 42 176 305 304 180 59 315 65 453 328 216 221 93 353 228 104 491 237 109 378 255
129 5 393 139 270 18 160 416 33 163 173 434 56 314 322 84 86 98 227 99 358 243 378
163 106 76 151 188 31
136 393 266 399 145 402 403 277 410 29 287 38 46 308 184 446 63 319 322 66 325 203 210 215 88 345 479 483 111 497 252 382
345
390 265 138 11 159 293 38 177 308 316 450 322 463 211 86 346 478 95 360 238 255
3 388 5 390 12 142 274 275 402 22 409 26 25 288 423 174 47 49 50 313 315 445 449 66 323 68 194 460 85 86 344 95 353 225 354 483 229 486 252
2 358 135 301 175 111 281 127
131 266 268 13 16 401 411 157 413 415 41 298 46 49 310 442 189 191 453 70 457 336 86 214 217 348 476 478 248 103 488 233 489 491 370 243 376 122 123 383
0 3 4 134 264 395 397 272 274 26 31 289 163 171 173 174 431 51 310 57 319 322 451 68 331 211 86 475 120 229 104 236 371 248
4 5 10 269 270 271 148 151 408 25 152 23 32 165 44 302 437 312 319 65 321 449 327 205 209 338 219 475 349 222 96 361 241 498 115 125 381
141 405 283 163 419 428 440 452 197 329 203 333 335 476 251 369 254 379 126
454 6 113 404 447
448 230 297 171 497 246 248 441 446
2 264 12 142 146 402 163 164 421 169 310 182 186 449 195 70 461 208 469 218 351 485 237 367 374
0 141 399 23 153 409 291 292 38 300 173 48 178 436 54 312 57 186 184 189 193 453 325 199 464 338 82 479 104 105 234 497 115 116 376 251
259 133 392 10 140 146 30 42 429 51 53 314 62 319 67 325 455 199 463 335 82 343 93 96 485 499 246 249 383
489 494 152 90 157
448 450 394 203 398 207 336 400 22 124 478
9 399 27 35 424 180 436 448 324 69 328 458 466 86 90 220 477 222 101 104 373 375 126
65 230 400 211 221 351
96 481 32 4 134 71 328 402 51 20 252 23 279 221 126 159
0 130 259 391 264 12 156 34 40 43 430 56 185 445 72 203 460 84 468 470 215 218 229 369 118
391 456 330 299 331 238 23 313 380
259 261 135 136 398 271 278 279 408 410 283 413 30 158 32 289 420 423 172 429 432 177 48 179 181 437 55 455 201 331 76 464 469 343 477 96 497 498 253 254
416 355 134 457 105 428 207 114 19 147
364 13 402 149 279 477
387 264 14 153 282 28 417 418 423 169 49 180 192 449 68 198 457 331 335 94 484 366
385 2 390 263 274 150 413 32 417 422 167 40 427 313 189 190 321 451 72 459 464 467 470 216 348 222 97 358 234 107 492 111 112 240 242 243 370 124
0 131 4 272 407 23 153 410 30 420 422 40 169 174 181 310 312 314 320 449 329 78 210 467 473 89 350 95 479 97 101
392 9 139 398 271 278 23 26 413 418 420 41 427 428 49 50 180 310 321 449 67 68 324 453 455 205 335 209 216 93 94 484 363 496 253 254
389 262 394 139 396 138 142 403 158 424 425 43 48 55 183 188 447 191 66 451 329 204 332 79 88 220 221 93 350 222 227 229 363 492 241 498 380 383
256 99 4 423 268 269 334 15 400 178 146 277 216 409 315 29 184
258 5 391 13 398 142 401 405 27 30 417 296 170 45 429 51 309 62 70 200 73 464 347 220 95 351 375 355 357 102 359 232 366 370 119 383
252 413
11 16 146 274 406 407 153 411 285 418 423 296 40 299 428 302 305 436 309 56 321 458 331 87 222 227 233 493 110 126
134 266 269 17 411 304 49 307 456 72 76 461 218 226 98 228 364 496 379
386 8 268 270 277 427 171 431 61 191 197 334 338 210 347 220 352 225 365 115
0 134 396 12 17 401 403 20 21 279 415 291 172 178 53 438 311 58 187 444 451 69 346 94 479 108 236 369 119 120 377 252
192 33 194 386 388 73 265 425 362 269 329 143 107 438 215 184 313 220
259 132 392 395 397 270 14 13 145 149 22 417 291 166 299 46 47 433 54 440 323 459 75 461 85 346 90 482 359 103 110 245 117 127
384 5 392 272 150 23 161 33 291 295 172 436 189 448 66 325 206 217 347 348 480 123
350 3 201 299 45 496 113 112 114 241 278 407 153 413 254
387 393 12 16 274 26 163 43 432 318 194 328 86 215 345 93 489 234 233 495
258 5 144 25 155 284 413 29 162 292 424 426 43 431 444 64 72 333 206 464 340 223 233 110 366 496 499 373 117 382
288 256 359 447 173 80 435 348 88 58 28 413 62 31
35 295 140 301 463 367 273 371 83 149 218 283 189
73 41 442
388 391 10 142 23 157 164 56 454 462 463 218 91 94 228 229 111 367 379
194 259 226 229 227 419 489 202 396 381 469 29 30
39 202 238 82 248 60 62
458 116 95
1 231 172 404 214 54 223
384 226 68 231 138 140 314 270 498 307 274 181 470 410 348 479
55
256 130 255 397 21 150 25 283 28 286 414 32 417 37 423 43 428 303 432 53 55 315 64 193 449 453 329 331 461 206 463 218 354 358 492 494 117 374 381 127
5 21 408 155 412 157 52 439 321 450 456 335 83 474 476 355 357 232 369 371 121 255
395 11 151 284 157 289 173 430 302 48 433 175 438 56 315 316 195 325 332 78 463 336 80 208 242 117
257 388 397 274 275 404 25 159 416 419 165 39 43 172 53 310 182 57 314 316 447 320 322 70 461 205 335 83 340 87 222 227 490 495 112 113 374 118 124 381
256 131 134 395 421 296 45 433 310 183 59 64 196 77 213 349 98 228 487 103 489 490 248 379 380
80
482 291 356 388 166 290 226 261 138 427 107 141 115 212 211 119 477
352 130 68 484 452 11 107 110 111 142 306 347 212 151 216 155 311
132 135 137 10 139 394 397 147 20 405 280 152 410 29 426 438 316 64 194 195 73 333 470 343 481 229 486 108 492 496 369 114 368 248 249 378
2 130 8 139 396 16 278 152 416 172 302 53 58 64 196 77 207 335 471 217 93 222 95 483 228 355 486 230 493 110 240 498 371 116 118 119 253
327 173 182 187 412
355 3 69 391 456 203 141 274 149 374 157
426 163 164
2 274 282 166 38 173 301 177 66 324 71 333 207 79 217 475 100 113 244 119
1 263 271 277 407 151 282 417 177 179 52 313 444 333 350 109 496 369 113 117
258 3 140 143 272 425 42 429 181 182 314 316 452 325 324 457 332 79 465 82 337 344 90 347 97 226 355 230 488 115
385 265 267 271 149 28 34 291 42 299 428 46 430 306 178 50 185 194 331 208 210 467 476 487 233 108 366 371 499
0 27 29 158 31 172 52 193 66 449 68 71 73 335 339 469 472 349 227 484 490 107 494 369 382
0 130 387 3 485 70 259 16 83 116
273 402 148 277 24 295 40 304 308 438 316 446 328 458 333 334 463 208 78 469 343 471 349 245 252 254 383
256 65 229 295 43 305 88
1 261 389 13 269 285 287 165 40 43 303 54 446 324 332 333 461 79 466 84 469 342 380 218 93 96 98 99 106 240 116 120 252
449 126 388 422 458 346 494 335 429 80 210 274 277 152 314 93 286
257 2 387 260 265 10 138 270 147 149 25 26 34 291 294 46 435 186 60 65 321 196 71 199 459 94 359 235 109 241
4 8 264 10 395 147 278 162 301 49 441 60 322 325 458 459 466 92 220 365 244 117 246 375 383
0 128 98 99 73 202 15 465 499 88
224 283 450 72
2 259 9 266 140 398 25 155 158 291 170 305 178 179 309 445 63 453 197 455 328 204 335 80 83 84 217 90 353 382
136 265 10 459 204 400 177 402 368 376
264 266 267 12 13 268 15 26 30 37 168 174 51 436 317 192 456 330 207 465 466 218 221 490 494 113 372 244 248 378 255
160 352 390 499 63
128 4 261 197 298 106 332 429 270 401 145 339 119 155
384 161 419 163 229 295 232 263 493 462 271 404 373 407 442 28
261 268 149 157 286 417 290 163 166 42 299 322 325 328 73 76 78 89 220 485 491 493 238
407 101 201 108 334 305 381 183 445 95
130 131 387 390 7 13 271 401 22 26 287 159 294 168 41 45 46 51 185 443 189 190 447 324 330 464 209 468 470 87 344 476 220 352 227 379
201 458 173 405 61 223
7 154 414 163 294 48 306 60 316 188 447 196 72 456 74 211 342 476 95 485 231 490 371 248 379
149 150 25 29 287 159 168 429 47 306 436 52 55 448 322 200 458 206 212 92 477 93 479 97 486 234 366 377 250 254
1 262 264 393 9 395 13 17 402 148 280 157 35 173 174 176 49 178 310 311 61 190 197 72 74 203 204 77 462 90 480 353 359 361 234 494 367 249 380 255
368 458 429
387 141 149 152 153 410 408 412 31 290 163 420 294 173 50 442 443 445 62 446 326 329 74 331 78 334 93 105 363 492 237 491 251 378 379 126
263 264 400 152 412 31 448 199 72 74 203 208 469 471 90 236 114 372 377
39 392 363 314 378 79 400 497 442 307 276 274 430 218
419 76 337 88 191
128 129 131 137 272 145 21 278 279 282 155 39 426 436 182 444 69 454 327 71 206 212 352 117 118
416 32 422 231 40 489 262 170 368 211 376 58 443 478 127
193 101 136 13 496 275 126
288 145
129 260 394 396 281 153 412 28 30 416 161 293 166 40 42 428 48 316 61 447 79 464 80 335 351 481 230 237 380 254
192 195 134 327 71 330 458 299 398 467 245 151 408 348 446 159
257 264 13 406 161 292 293 39 167 172 300 302 435 186 191 196 465 340 227 229 103 231 360 239 249 254
384 65 100 27 424 78 463 16 431 405 86 121 475 382 383
257 386 131 389 11 396 407 24 29 416 162 164 426 300 174 47 176 49 305 303 442 192 329 461 209 81 220 477 478 491 492 109 496 497 371
138 266 268 14 285 29 159 294 425 170 174 302 305 57 59 316 190 326 71 333 471 346 352 357 490 492 241 242 120
162 326 330 109 496 274 406
258 132 260 263 150 152 155 284 32 163 291 165 419 295 299 172 428 306 50 180 189 448 64 206 334 466 470 343 221 356 490 236 111 117
387 259 261 135 12 403 149 23 409 288 294 422 40 297 298 307 51 441 314 443 442 445 318 321 458 461 336 465 342 90 221 97 357 235 369 254
257 259 4 261 262 135 24 410 415 289 292 165 297 431 321 196 326 460 213 343 344 92 479 480 100 357 233 361 106 492 367 248 123
98 452 390 295 296 266 396 13 365 464 145 370 466 150 439 94 191
4 140 269 398 142 144 401 145 279 153 282 413 416 161 418 299 429 430 175 302 60 445 317 319 195 196 67 202 459 473 480 227 488 362 235 494 244 247 377 127
162 226 100 176 371 213
5 6 9 267 269 272 22 281 28 289 421 424 306 307 50 182 55 185 442 59 315 58 326 458 205 462 338 345 483 355 101 358 104 491 499 119 126
256 259 389 398 275 20 22 152 35 42 47 305 450 203 79 80 84 347 92 489 112 114 370 116 118
129 4 391 7 143 15 25 293 431 432 305 439 186 444 195 68 79 470 215 92 353 111 499 246
276 406 151 284 181 69 455 79 343 220 107 108 237 110 366 243 372 245 247
50 252 229 394
9 266 13 398 144 278 153 409 411 283 31 426 173 302 312 315 215 476 483 228 488 361 108 496 370 255
394 399 400 402 25 412 157 293 38 423 45 305 177 179 436 184 57 66 195 70 455 72 457 459 460 336 337 345 89 91 219 480 490 235 494 239 248
138 280 26 157 286 164 41 171 304 323 70 339 214 86 222 494 499 244 254
409 461 341 313 412 478
128 9 280 161 296 306 182 444 321 68 91 223 226 105 240 241 374 247 377 381
424 116 268
258 3 259 389 143 407 153 27 32 33 36 37 422 424 300 433 440 190 191 200 330 78 83 102 230 105 110 118 119 382 383
261 263 264 10 398 144 276 150 408 25 155 287 415 419 163 294 42 299 303 175 434 437 62 67 453 70 457 331 76 463 87 217 223 352 103 492 370 380 253
385 388 6 390 262 143 34 162 426 177 312 185 58 443 186 59 322 71 200 327 203 76 81 340 345 222 352 97 226 99 102 234 235 497 244 126
449 196 260 264 75 108 205 365 338 499 341 23 92 381
481 385 6 70 230 331 140 237 108 300 337 435 277 317
139 268 14 401 23 410 31 164 431 432 181 439 185 443 188 60 325 71 471 346 478 226 485 486 364 493 495 244 254
318 161 418 5 358 301 124 283 434 178 85 246 250 123 188 94
128 3 8 136 15 22 151 414 33 294 39 423 45 175 180 184 314 58 445 447 329 203 75 348 349 94 480 481 98 237 498 114 254 383
9 44 45 208 273 183 124 286
136 267 140 272 407 153 281 411 414 159 289 296 430 306 51 309 311 441 58 318 190 75 80 99 356 231 238 241 245 373 117 250
451 42 302 398 211
259 263 402 23 408 280 161 36 295 44 48 309 310 444 322 70 199 77 462 337 83 214 344 220 349 479 97 363 108 496
259 389 266 12 397 398 141 399 402 406 281 286 414 420 424 299 303 444 318 63 191 319 323 196 325 324 458 472 221 230 494 369 371
130 388 261 266 400 144 152 30 418 290 427 46 197 70 454 81 210 92 351 95 104 361 363 236 366 123 380
11 395 276 406 27 158 417 294 441 57 190 63 460 79 465 466 472 90 223 225 353 99 101 109 498
451 388 485 47 336 463 478
256 130 270 15 400 18 407 154 415 34 291 420 422 45 50 314 196 327 71 332 333 207 87 215 473 220 354 228 362 490 493 367 114 372 122 381
5 133 143 279 280 283 28 294 297 42 328 201 214 480 481 355 361 237 113 376 125 126
128 258 387 228 137 265 428 46 219 144 442 22 471 282 123 252 222 159
128 57 53
321 89
0 146 148 36 41 432 305 177 181 314 319 320 67 197 69 71 335 465 85 216 90 347 253
432
135 11 396 269 142 398 145 20 408 28 415 419 428 300 47 305 436 437 182 59 188 64 70 328 207 463 466 477 352 230
133 275 280 158 161 162 421 40 430 302 305 177 438 185 326 455 202 458 205 341 472 228 230 491 124
258 392 12 270 275 282 158 159 416 293 426 305 448 451 460 85 215 472 89 476 477 222 226 486 127
249 77 102 133
231 264 427 76 115 57
256 3 262 135 265 270 17 149 410 165 167 425 44 300 48 304 306 307 311 59 61 66 337 211 84 352 480 234 120 125
64 418 382 324 356 360 361 268 334 214 380 190
98 34 4 391 103 268 45 46 83 339 213 24 123 349
291 485 486 299 174 401 178 478
352 66 455 9 42 267 48 49 369 404 406 247 216 252 343 95
0 268 270 273 18 148 23 283 159 415 165 43 435 184 189 466 346 99 483 365 239 113 382
385 386 136 8 394 143 403 276 280 153 282 163 164 293 295 435 60 325 456 201 463 213 343 216 472 346 222 99 100 230 238 125 383
385 258 387 8 9 136 20 152 153 410 282 158 159 161 292 165 45 180 182 312 442 60 63 450 72 73 202 458 332 465 340 85 469 215 220 228 367 371 247 123
97 387 5 455 232 73 91 395 108 127 430 103 153 123 348 63 223
6 231 479 75 431 434 469 118 406 94 254 159
352 322 41 172 495 179 404 438 121
395 268 144 25 410 282 414 418 429 304 180 183 61 447 319 195 71 72 208 336 339 343 90 94 357 229 231 361 369 381
13 278 153 284 287 179 51 310 187 447 196 456 333 462 82 212 225 226 485 371 374
268 272 275 276 155 284 157 156 165 42 44 301 174 303 446 460 471 218 474 97 99 491 240 371
388 262 391 394 395 141 143 274 404 22 283 31 163 293 53 56 313 61 448 74 465 339 212 220 349 222 354 494
388 389 260 5 397 273 20 21 408 410 414 158 415 296 176 178 308 444 463 352 227 234 495 368 371 251 255
268 146 275 148 23 407 160 34 294 425 426 429 177 51 318 448 67 72 330 460 332 333 335 237 120 127
162 130 201 138 429 15 337 403 52 189 318
1 101 231 135 11 460 493 272 48 468 21 439 152 317 125
385 260 268 144 149 282 31 290 293 426 300 45 303 432 49 433 53 312 60 327 201 211 212 341 474 240 115 117 375
129 4 6 264 9 13 398 276 408 155 30 287 33 162 292 293 294 295 425 180 185 318 191 324 456 457 204 471 232 105 492 236 239 243 381
388 141 23 33 290 168 174 434 448 66 450 196 323 468 340 347 476 94 96 244 380
36 446 167 264 73 393 235 108 462 307 183 220 157 413
385 393 141 400 276 22 152 409 27 159 425 172 173 303 307 180 54 184 189 191 65 456 338 84 223 354 226 482 357 229 366 495 246
146 26 412 292 293 167 434 51 55 445 318 195 198 327 457 467 353 229 108 113 499 120 251
391 263 265 393 12 141 270 271 400 15 274 146 150 281 155 29 425 302 311 59 199 335 468 217 351 481 98 357 231 238 239 373 121 379
385 2 10 145 146 275 149 151 152 27 412 292 37 40 303 176 177 448 65 454 201 202 74 458 461 75 345 356 102 361 496 251 383
13 382
194 34 231 8 377 266 78 14 110 210 19 306 341 345 59 188 255
163 292 485 455 265 363 269 115 244 404 344 381
154 40 460 172 113 339 345 122
385 354 194 190 14 372 183 182 55 25 410 476 156 317 413
389 104 361 300 461 57 380 30 415
257 387 134 7 393 11 142 147 150 27 159 39 427 175 312 58 317 446 192 68 455 335 464 467 339 212 217 90 354 367 373 121
313 329 86 407 344 25 314 59 221
385 390 265 13 143 149 281 154 410 418 293 38 298 48 434 307 436 55 441 57 315 64 65 322 203 333 464 340 88 472 346 216 353 102 359 237 375 377
128 135 392 265 266 264 268 8 142 276 156 414 419 165 304 183 56 57 447 321 322 450 331 212 345 478 101 486 103 104 230 112
480 3 319 455 106 395 495 435 179 343 377 156 351
0 387 8 395 13 146 406 289 35 298 60 193 194 202 333 81 466 343 483 99 484 359 231 363 236 371 380 127
256 325 38 72 169 203 401 370 371 467 85 309 312 281 216 317 222 31
384 129 134 135 142 20 32 166 434 185 316 318 320 332 80 81 210 471 344 222 482 233 491 108 496 372 119 376 378 382
480 257 485 389 358 197 261 108 462 16 337 113 178 339 92 127
134 391 135 9 394 405 155 412 288 34 38 294 298 434 316 317 321 325 454 210 468 470 215 216 471 352 101 360 489 490 377
163 330 240 84 438 182 122 446 95
320 386 450 101 461 238 431 208 271 82 206 116 215 222
386 6 12 401 19 20 287 288 418 166 302 179 440 312 318 73 207 80 208 83 347 102 230 241 499
0 395 139 400 411 30 32 36 42 179 52 183 61 317 324 73 92 488 238
224 2 419 132 293 163 261 355 7 490 75 483 301 400 48 381 410 61
261 401 279 420 296 179 445 63 320 70 458 204 80 346 480 357 103 362 366 242 115
26 410 158 43 302 182 315 443 187 320 64 453 325 77 337 88 472 89 351 352 356 489 112 378
388 394 143 146 410 156 32 292 179 318 74 81 465 213 346 475 219 490 116 247 120 252
269 271 163 166 45 50 53 184 189 326 70 76 80 338 212 225 226 99 355 98 102 491 364 248 125 255
385 225 323 131 266 461 111 244 149 250 31
63
128 258 392 137 136 268 397 276 21 407 37 39 301 53 182 441 186 57 319 448 198 71 74 209 349 222 369 251
106 110 271 48 345
288 386 344 376 325 195 263 264 329 327 360 204 240 3 403 339 88 349
2 389 393 15 402 148 24 281 296 170 302 433 178 179 306 182 314 193 455 457 76 462 215 474 220 353 232 234 492 241 369 117
259 266 150 286 31 417 165 294 298 300 54 63 322 197 93 94 95 486 103 236 119 253
389 43 236 173 334 368 48 432 403 276 469 433 55 26 382
0 387 260 5 262 23 280 151 159 292 298 427 46 180 182 439 54 59 447 65 454 347 349 489 234 491 364 365 493 380
449 103 403 470 56 345 120 415
96 353 162 104 138 299 107 209 497 179 17 373 118 186
0 344 324 391 488 72 167 427 395 333 242 403 179 246 471 408 118 95
1 132 165 486 263 487 228 300 430 150 278 472 441 122 347 61
256 129 258 392 393 8 268 13 33 164 292 40 426 54 183 56 59 448 193 64 451 200 74 205 338 82 468 343 344 472 226 107 492 108 369 375 121 378
256 259 132 12 271 275 285 48 434 445 450 71 200 461 84 89 92 352 100 101 358 491 113 242 499 115 117
258 259 260 388 390 389 265 10 12 302 55 206 345 478 95 352 356 103 105 113 498 379
384 267 13 143 15 401 402 408 289 36 420 294 296 302 176 306 52 182 183 438 60 63 455 199 75 78 208 340 213 88 475 92 479 225 101 106 364 111 497
290 67 326 295 456 234 493 48 281 316
257 130 387 6 263 390 137 12 272 147 293 427 172 436 191 320 64 194 65 329 80 343 473 221 478 95 481 482 485 101 105 109 239 243 372 252 253
333 495 438 253 349 350
129 130 389 263 17 275 22 152 158 35 168 302 430 434 54 182 189 452 456 206 339 85 217 357 485 368 115 250 380
392 138 267 396 408 281 287 297 44 52 56 190 204 221 358 106 370 374 382
259 10 268 140 398 25 26 28 285 31 416 161 291 419 323 325 334 337 212 213 86 222 481 98 232 362 107 112 368
258 355 101 454 166 265 338 307 148 410
322 103 175 431 29 371 469 61
135 392 270 401 286 160 44 172 306 436 314 189 321 72 329 77 468 341 214 472 218 97 229 486 232 106 113
128 2 260 132 134 147 151 280 287 420 424 41 172 50 60 61 67 197 71 327 203 94 104 105 233 114 244 247 251
3 131 396 142 270 272 274 403 149 22 31 289 161 419 291 42 304 320 66 67 201 77 347 360 490 366 120 121 250
20 281 416 33 418 300 177 434 437 53 57 65 327 72 199 202 332 77 80 467 474 350 94 494 369
401 347
393 13 400 144 157 288 417 166 174 434 310 185 187 189 65 193 195 67 73 75 204 462 464 479 480 355 103 107 494 368 247
259 484 69 26 103 40 73 264 231 459 47 337 469 181 311 309 282 444
128 416 191 195 324 321 204 366 304 178 52 84 310 119 415
448 262 170 300 430 244 245 340 283 319
264 395 280 25 423 42 438 313 204 460 77 207 210 83 95 480 224 485 360 243
453 489 491 471 153 284 62
131 260 6 12 405 22 277 408 415 423 167 177 435 310 55 57 449 327 200 76 460 206 464 83 348 221 355 103 108 109 366 112 377 253
327 74 459 330 398 15 47 275 440 57 477 63
392 270 275 23 28 29 294 169 172 303 438 184 185 67 84 471 215 485 491 116 247
417 312 358 12 367 114 435 308 21 403 311 344 158
192 1 164 205 367 276 155
257 10 396 16 144 146 24 283 284 159 161 290 295 173 47 56 315 322 463 208 214 99 360 233 235 112 381 253
352 224 482 449 487 328 199 113 369 20 85 479
386 388 17 277 30 37 167 305 434 51 437 439 184 56 191 64 450 67 199 456 461 334 209 466 342 219 355 228 356 102 359 109 367 111 496 499 374 247 125
481 417 3 140 173 78 495 441 123
96 260 36 102 7 328 8 265 271 432 241 274 53 345 26 93 478 383
264 266 144 151 26 157 163 427 301 184 57 190 447 454 71 330 203 336 218 231 233 107 108 113 499 244 246
131 3 140 142 144 282 27 36 429 46 175 301 433 308 57 58 185 445 320 67 452 70 201 75 79 337 82 91 224 480 366 240 116 379
353 471 195 325 456 233 335 279 26 317 189
96 33 324 299 269 431 177 179 372 339 342 443 190 95
257 385 269 274 149 405 23 280 29 159 162 170 427 44 428 174 433 185 314 443 318 192 452 336 338 212 213 348 477 112 249 255
1 385 134 8 233 171 11 365 78 238 335 467 52 469 180 251 28
141 273 403 150 279 408 35 437 312 190 64 194 74 461 78 207 335 469 473 221 100 487 232 105 376
261 270 251 495 403 443 405 213 315 348 317
1 408 36 38 422 425 434 440 446 459 203 462 210 92 93 94 353 105 493 112 122 124
256 224 260 5 400 371 307 413 446
384 138 139 394 269 148 406 407 24 411 28 420 166 295 423 169 170 44 430 50 306 51 308 183 56 322 451 81 211 212 345 346 347 476 221 94 355 485 121
136 18 19 148 24 153 285 413 419 300 63 198 327 462 466 470 342 87 476 92 479 489 362 235 111 368 246 120 125
5 6 152 157 47 306 310 442 60 189 191 66 327 202 207 343 474 478 357 365 118
384 261 269 145 154 287 291 171 181 440 445 447 192 69 326 333 78 338 82 87 95 483 485 107 493 111 497 379 123 383
391 138 267 143 275 21 23 281 155 160 168 429 48 178 56 314 443 453 199 465 468 470 343 346 222 105 238 112 115 249 124 126
420 101 261 488 447 10 459 47 466 404 245 181 23 344 412 124 351
384 4 388 7 137 268 143 272 274 22 24 281 25 154 157 160 417 164 423 303 48 178 437 319 450 454 456 209 465 472 98 360 105 236 240 118 252 255
148 277 22 284 412 32 291 170 43 44 45 301 298 434 440 312 443 188 60 317 448 451 453 330 461 334 85 89 480 352 229 102 486 232 105 241 498 115 121 126
128 3 390 135 13 271 144 151 26 410 154 420 39 42 48 66 67 322 82 475 477 228 357 363 239 499 118
9 267 274 402 404 278 281 289 162 164 294 296 171 431 432 440 73 74 214 474 224 483 488 362 106 117 378 380 253
33 65 484 292 39 11 268 395 83 276 120
295 155 244 374 375 379
356 168 210 306 274 472 156 287
261 134 263 392 393 397 410 412 288 169 45 178 308 446 62 320 64 192 337 340 86 215 471 476 350 101 360 497 114 113 116
1 390 138 399 145 19 410 284 36 302 180 54 183 439 316 190 321 68 210 82 86 477 349 96 482 100 230 360 108 493 114 254
256 257 136 142 16 23 409 283 29 162 299 172 308 311 184 183 446 68 198 454 72 459 462 465 209 215 219 481 246 247 379
353 226 133 421 393 201 140 12 143 399 210 371 116 438 54 345 92 62
384 7 399 271 403 406 410 27 157 413 167 170 43 302 207 341 477 356 108 372 118
260 7 12 142 18 286 420 167 41 42 174 450 322 74 468 88 96 353 354 483 229 361 491 492 238 382
7 136 8 398 271 401 147 405 277 409 30 161 293 422 182 58 322 78 465 339 467 214 348 96 229 104 364 494 496 498 122
33 323 59 363 78 207 401 82 276 437 157 279 27 477 383
3 392 11 141 13 143 142 277 407 25 26 155 162 297 426 430 309 61 190 446 319 71 200 207 463 467 213 469 471 92 483 486 488 489 365 116
132 140 438 253 351
386 398 410 412 285 29 162 168 42 44 50 58 63 194 450 456 462 207 335 81 471 216 473 223 96 354 228 104 105 235 236 365 238 498
256 262 6 7 266 395 18 149 150 152 290 162 297 300 172 302 50 179 55 184 56 315 188 65 196 79 338 213 471 473 223 352 229 362 235 240 253
241 145 276 455
354 386 453 6 8 392 11 271 463 176 399 54 311 280 153 378 63
135 10 401 275 148 154 283 159 291 422 295 172 56 187 315 326 200 460 464 340 469 342 85 477 478 230 488 109 365 370 250
261 7 139 21 157 289 33 170 174 432 305 178 308 311 441 187 315 319 322 74 459 211 213 341 216 92 477 222 482 486 234 112 115 374 378 127
259 6 8 16 400 274 18 17 145 155 287 33 418 168 169 172 429 47 305 434 444 319 64 452 69 461 81 472 220 478 224 353 487 104 106 250 382 255
256 394 270 145 146 281 154 419 37 425 300 173 432 318 71 328 339 213 479 95 354 358 364 494 119
97 4 168 266 491 426 145 372 248 349 221
258 133 9 393 11 272 146 416 161 160 428 177 433 436 311 441 318 450 210 216 346 486 361 106 235 105 242 122
227 167 296 361 297 459 430 14 208 315 415
387 396 269 399 271 404 28 414 34 41 427 44 432 54 312 443 62 63 323 453 205 206 464 212 347 357 103 361 370 250 127
402 404 417 163 45 432 177 180 187 71 328 78 464 209 81 467 468 470 476 222 115 383
2 3 387 389 395 15 147 281 285 286 415 301 303 48 308 186 315 62 63 452 73 334 463 79 462 465 78 206 207 81 471 88 83 353 359 232 106 237 119 252
193 251 166 350
384 385 258 3 4 265 150 283 155 413 289 296 43 303 433 306 307 181 317 63 191 68 69 196 459 468 215 88 347 478 101 359 105 235 366 241
98 131 453 108 211 436 348
388 398 151 408 287 292 293 424 307 308 53 55 312 314 315 192 195 196 73 458 332 77 209 465 213 341 346 220 356 230 231 122 254 383
166 45 306 499 146 470 346 93
450 330 299 16 466 245 472
320 225 226 288 228 489 441 473 429 109 80 337 434 177 341 119 153 251
386 131 6 395 139 15 279 32 36 52 441 323 326 80 216 220 354 101 490 364 126
227 484
384 258 133 137 140 12 400 275 276 415 42 439 312 184 444 194 195 333 351 224 225 353 356 373 250
256 128 131 9 138 271 148 278 408 409 283 28 285 36 292 40 425 175 431 179 442 189 65 325 201 462 79 340 216 247 100 493 366 368 246 119 254
129 259 391 142 145 407 27 412 29 416 288 419 46 196 460 206 87 476 351 355 362 494 113 375 124 126 383
389 6 393 272 275 21 23 282 30 286 291 169 301 435 179 313 320 196 453 202 217 91 480 120 123
5 490 42 429 205 173 176 21 313 315 415
128 6 135 10 141 275 405 152 281 411 293 39 40 300 175 307 313 445 323 195 196 74 338 466 470 104 363 110 240 117 378
1 5 397 399 403 23 151 28 286 34 164 423 43 428 430 431 53 185 188 63 64 194 70 456 202 465 82 83 337 343 221 350 478 356 235 237 494 242 374 253
314 36 127
386 3 387 389 262 391 14 410 411 288 291 296 173 301 55 189 191 65 449 195 336 214 472 345 344 475 352 96 482 107 121 126
386 132 135 266 12 145 406 281 282 27 155 413 409 160 164 292 421 41 299 177 190 62 194 67 328 330 340 478 222 480 103 360 359 369 498 371
133 147 20 159 40 428 173 430 49 182 314 189 318 328 344 90 350 229 490 236 496 114 371 373 247 378
10 268 270 404 407 24 284 33 427 428 172 312 202 330 89 222 102 368 116
358 423 168 41 149
129 260 263 19 405 408 284 157 166 39 174 303 315 443 450 324 197 75 337 215 474 483 105 363 111 242
129 389 5 270 401 281 160 162 163 43 308 313 188 446 318 193 195 197 455 208 474 346 477 350 98 488 493 494 240 370 120 251 254
262 392 265 267 396 397 24 290 166 300 44 430 438 60 191 322 197 199 456 331 204 333 334 79 336 463 213 90 218 477 96 355 100 234 494 238 499 246 377 378
96 288 70 460 337 24 314 351
14 404 149 277 279 27 288 419 164 430 50 51 186 318 190 459 463 339 468 475 477 355 366 111 241 499 116 244 122 255
14 145 403 406 160 420 294 167 42 430 47 176 306 441 62 449 68 70 460 207 80 79 464 83 466 343 218 220 234 236 237 113 370 120
258 391 17 146 150 154 415 31 35 424 433 53 439 56 317 449 72 335 465 209 343 100 104 375 249 379 124 253
352 448 258 196 6 456 233 240 497 468 213 84 279 24 314 27 479
269 270 17 147 404 277 151 27 163 424 296 436 54 192 451 196 195 202 336 210 484 236 237 110 494 368 495 252 380
134 263 264 144 20 288 431 442 60 199 455 203 465 340 469 85 225 98 359 234 491 236 240 119 376 377 252
264 266 141 269 271 402 22 409 162 36 166 45 305 177 311 56 185 445 64 194 460 207 209 470 342 472 346 485 237 116 125
263 141 273 17 145 38 296 168 170 172 176 50 309 182 181 312 441 59 189 455 333 465 83 84 95 352 99 228 485 487 108 236 238 240 247
133 396 111 499 147 381
2 394 396 142 409 31 166 168 430 175 310 55 185 59 191 327 329 334 221 109 367 498 380
113 402 440 185 187 220
356 105 91 203 428 234 497 371 213 246 341 316 121 442 379 220 446
128 10 12 141 400 279 153 25 155 156 413 162 424 304 305 178 51 435 183 192 448 74 458 340 86 110 243 499
128 391 269 398 14 21 151 153 30 296 301 45 302 179 317 449 457 205 334 465 338 215 343 473 479 100 102 360 489 366 125
97 319 104 12 314 46 47 148 150 342 26 251 447
130 261 134 5 17 407 417 162 420 40 304 311 442 447 203 462 101 485 493 111 112 114 116 248 380 382
129 2 392 10 404 281 155 172 45 181 313 314 57 69 203 459 84 215 346 221 479 358 231 104 487 499
289 226 69 423 264 11 269 141 429 401 180 21 439 377 91 318
386 387 388 261 144 273 20 23 26 30 418 38 40 304 307 180 442 445 317 193 67 199 331 459 210 211 84 469 218 221 223 95 103 359 237 246 255
384 323 358 71 232 11 395 267 43 304 433 401 241 182 186 222
33 34 423 296 52 310 182 441 442 65 324 457 458 465 91 475 219 487 360 361 122
324 299 140 304 23 406 183 280 57 58
35 389 167 394 106 12 237 208 146 275 276 56 349
17 405 25 30 164 297 429 47 437 446 198 203 206 334 207 81 210 341 469 472 474 346 347 221 97 482 102 235 364 113 116 377 250
384 390 135 136 392 275 403 26 27 284 30 415 288 161 166 169 45 46 49 53 310 451 452 324 326 205 466 340 217 476 477 97 101 106 109 238 496 242
261 136 17 150 23 151 278 176 49 179 308 310 191 65 195 323 67 459 76 462 210 474 346 350 483 102 103 492 239 124 383
2 3 130 263 13 18 146 38 39 299 50 52 183 319 192 195 206 334 343 347 352 101 235 493 497 120 123
384 129 276 20 153 410 292 296 425 171 302 54 55 186 191 196 199 459 212 348 353 359 107 109 243 372 251
2 10 11 142 37 38 423 39 171 445 453 201 203 79 83 212 341 343 87 220 350 223 95 357 229 488 244 120
34 420 395 492 144 369 246 86 152 153
224 385 484 4 351 435 437 284 278 277 252 318 191
128 0 386 262 402 23 25 153 414 296 170 304 437 439 315 449 202 469 472 98 483 102 232 107 110 496 370 118 379
96 417 258 352 227 133 423 233 428 364 337 408 155
386 142 17 277 413 158 35 295 48 433 176 51 60 68 452 453 198 201 74 76 461 77 462 213 344 104 236 238 244 376
395 270 291 292 424 305 310 187 190 193 197 328 332 221 350 354 493 112 378
396 397 150 285 30 31 29 293 424 429 432 178 312 440 62 326 73 459 344 99 230 487 489 233 124 382
5 8 393 145 280 411 413 33 35 164 41 321 322 453 463 336 79 338 88 90 474 498 248
64 386 483 194 37 98 295 433 117 245 118 282 158 223
6 268 283 414 164 420 51 183 66 197 454 73 336 467 88 95 104 108 241 243
1 262 266 11 267 142 273 276 278 280 284 417 290 163 291 36 304 433 50 176 312 58 314 66 326 71 200 332 460 462 463 204 213 470 341 89 350 244 375
256 259 138 17 404 148 405 25 154 169 431 437 438 61 324 468 342 374 118
466 163 116 325
194 108 45 294
131 259 261 264 170 204 428 301 176 81 304 272 86 188 382
1 131 387 259 3 396 405 290 44 48 52 309 313 314 335 216 352 362 494 238 371 119 125 382
384 257 394 144 148 23 418 292 421 166 164 40 177 438 64 74 76 334 337 83 216 348 222 243 127
128 290 451 102 488 14 16 401 468 25 285 287
196 136 456 476 203 12 271 81 402 371 468 180 339 151 276 379 444 126
224 3 180 23 87 471 411
0 448 294 200 489 140 460 12 271 177 182 90 156
270 47 463 239 371 29
35 355 229 454 393 140 108 112 50 405 85 344 348 30
128 132 262 273 148 406 407 279 409 282 412 415 161 296 41 46 308 447 325 458 332 76 78 82 467 84 85 86 214 344 351 356 362 495 369 370 115 242 247 123
2 5 145 406 158 161 162 165 40 425 427 430 303 182 311 188 189 447 449 451 324 197 69 337 344 478 355 238 496 369 119 376
456 177
128 196 488 233 434
270 407 282 284 32 420 38 297 53 56 59 445 456 332 76 207 208 211 485 364 114 249
15 411 37 43 428 300 301 175 303 53 182 313 57 60 446 66 324 68 219 348 93 350 349 221 481 358 103 362 366 113 243 380 127
289 292 424 43 494 441 219 477 254
12 13 270 408 154 175 437 325 73 76 336 473 218 92 357 488 494 253 254
96 417 37 295 393 394 268 77 429 116 247 216 28 446
258 420 203 76 301 465 210 145 373 374 149 408 473 378 380 221
65 130 485 328 491 214 151 56 90 222 318
352 385 3 168 333 399 83 277 278 21 447
133 5 75 139 14 27
384 131 140 273 20 277 149 281 157 416 419 167 427 300 434 187 59 193 195 213 351 480 354 98 356 100 359 233 490 493 365 375 127
130 399 277 417 421 37 167 40 174 309 57 58 317 193 329 458 331 76 84 218 220 234 495 368 496 379 383
260 7 10 141 402 146 148 406 160 418 162 293 422 169 180 53 437 56 57 188 317 69 71 78 209 85 474 221 356 101 111 368 112 499 374 249 125
89 224 490 271 176 436 313 250 123 127 223
66 195 281 167 263 247 394 106 7 174 340 405 54 86 56 345 411 189
481 356 453 454 489 108 238 48 30 88 475 285 318 319
6 7 265 268 141 18 407 408 151 159 166 422 298 44 309 64 324 329 215 216 344 474 218 97 100 101 105 236 238 239 495 113 499 116 252 371 119 122 124
129 261 9 137 270 399 401 277 278 29 287 418 297 299 301 303 177 442 58 59 336 347 238 381
344 36 298 302 152 217 317 351
387 389 136 140 143 277 407 290 39 299 173 432 446 319 191 198 71 327 201 80 341 471 223 485 360 489 234 494 114 498 253
388 266 403 281 30 288 169 302 47 314 442 204 77 78 214 90 354 231 495 242 120 124 254 383
3 13 14 142 400 402 149 150 277 156 413 287 305 434 178 49 181 69 326 214 219 222 358 231 237 369 114 373 379
258 132 390 15 20 406 279 158 291 42 428 47 49 52 319 192 66 450 76 465 342 343 215 97 359 234 235 492 237 110 380 124
452 424 491 493 206 78 334 177 81 347
470
386 4 397 269 28 167 429 306 188 326 329 463 209 211 467 468 346 219 490 107 383
388 10 142 16 272 404 407 155 157 288 417 294 431 182 184 312 187 61 63 193 68 453 326 81 338 472 344 484 101 108 497 121 379
257 258 391 149 23 25 26 286 417 163 37 430 432 439 454 70 457 202 336 490
37 230 71 103 261 458 102 140 79 367 151 349 158
392 9 136 13 141 401 145 17 280 414 31 288 421 304 435 185 442 195 327 336 208 468 474 221 351 99 107
395 143 145 154 164 294 428 305 184 315 456 200 329 477 223 485 366 499 380
1 265 12 271 407 283 156 159 31 172 44 429 176 52 453 330 202 337 341 343 344 222 350 97 230 492 496 247 253
401 491
291 235 335 213 187
258 390 398 17 20 152 283 411 421 177 178 308 55 188 457 462 207 334 82 339 340 88 351 484 237 114
81 155 57
388 393 394 271 276 279 407 280 284 285 36 424 299 174 176 441 317 62 334 470 474 92 97 246 383
129 391 137 139 143 144 273 16 403 406 150 30 286 418 297 432 307 53 57 63 64 192 448 328 330 212 481 362 368 249 250 251 255
1 2 4 14 399 154 155 284 156 285 416 425 172 63 450 358 108 365 366 377 383
390 394 270 22 151 280 412 416 160 164 299 428 44 307 436 309 310 55 186 446 63 323 326 327 82 467 87 217 99 235 108 497 375 255
384 129 263 265 11 139 276 149 408 413 160 166 170 43 179 308 438 315 60 63 193 324 197 455 72 338 85 470 473 95 223 351 100 229 359 243 116 248 379 124
129 1 388 5 140 270 145 17 148 407 280 27 33 37 41 432 438 310 316 190 319 452 455 203 208 340 469 87 473 356 236 114 377 251 253 126
263 272 148 151 413 162 34 292 420 41 300 435 440 448 452 332 210 90 477 483 485 359 362 363 236 496 240 126
463 499 303
128 481 1 67 263 329 218 235 76 268 303 208 242 89 186 27
401 275 279 282 418 291 420 293 180 309 441 320 325 198 203 212 341 87 215 473 93 350 366 112 380
0 390 6 397 148 413 422 46 62 448 454 337 338 341 213 473 92 364 239 113 370 374
274 150 154 416 161 291 293 431 53 444 320 192 461 79 337 344 346 485 101 486 230 361 365 111 373 382
193 251 189 230
261 273 275 148 403 151 25 26 285 159 33 162 164 166 422 300 46 449 196 198 454 218 476 92 95 232 112 372 251
362 235 13 306 499 405 182 443
256 217 362 496
257 11 144 148 21 159 289 418 419 421 431 182 56 62 452 202 77 463 85 471 473 348 477 481 494 120 123 255
262 391 392 394 12 271 400 146 23 410 27 29 286 415 162 423 426 178 311 327 329 458 203 202 205 212 472 94 229 487 231 103 363 492 238 368 241 370 376
385 2 257 397 405 151 153 282 160 288 163 37 167 39 41 427 172 171 50 180 328 459 205 473 478 226 357 358 487 361 108 365 239 252 245 379 124
128 271 399 22 283 30 31 161 34 290 36 168 177 305 52 438 321 322 197 454 333 335 207 85 213 354 100 102 105 234 363 493 112 382
467 365
28 288 293 38 426 428 300 430 429 433 182 440 58 443 444 317 61 445 191 325 199 82 211 339 217 351 225 482 227 359
5 6 10 158 286 38 304 434 50 54 187 190 199 462 474 475 104 107 236 369 379
130 198 271 52 149 55 383
4 10 16 272 19 406 162 290 423 45 430 46 306 435 444 193 67 452 329 337 338 356 228 106 236 367 255
321 449 263 136 234 11 44 108 142 84 120 411 222 191
5 6 267 151 156 285 37 296 43 302 50 310 58 64 193 450 76 209 466 477 95 224 116 372 247 120 377
32 385 96 161 292 485 390 325 264 35 483 305 115 467 307 440 26 93
318 163 423 329 43 76 301 48 112 84 309 373 221 317 478
50 111 253 415
323 387 327 240 379
