1000 1000
548 551 907 717 526 177 733 574 511
258 643 138 909 399 404 549 687 946 949 441 319 326 334 208 211 472 985 868 871 109 111 253 766
524 910 534 793 31 419 39 424 169 46 820 194 579 201 984 216 478 609 745 762 126
1 906 396 13 397 272 282 412 29 164 422 940 557 817 311 570 836 713 329 460 719 467 85 470 349 608 610 229 359 488 873 105 747 363 883 888 506
640 258 132 778 10 272 914 915 20 284 31 806 41 684 175 559 441 59 962 965 202 81 469 615 489 490 125 127
89 675 197 200 906 561 980 663 88 217 634 220 24
477 33 641 775 861 525 238 718 499 756 596 983 348 893 415
898 9 266 20 790 792 155 795 284 30 296 314 327 977 475 989 615 617 109 880
353 290 546 417 582 935 712 333 526 528 529 244
384 130 772 132 644 146 787 532 537 546 423 316 829 319 853 600 610 762 244 756 503 634
641 779 139 396 542 549 298 49 440 325 458 971 88 607 352 999 106 625 369 630 767
389 46
512 259 899 643 901 647 266 908 274 19 660 282 796 32 289 546 36 169 941 686 692 437 694 823 56 182 316 445 701 577 456 842 847 977 724 479 738 98 502
387 739 390 326 42 721 149 53 917 796 445
385 4 901 6 9 395 13 654 527 30 415 671 546 548 679 423 40 815 951 59 62 320 322 67 962 204 207 83 344 856 481 743 362 887 506 508 510
65 986 868 356 40 649 681 333 302 367 498 181 599 954 91 157 574
961 203 238 591 604 606
3 775 136 653 402 275 278 539 155 414 415 672 32 545 169 48 184 440 451 452 453 70 202 716 726 604 480 994 355 611 491 107 755 251
407 897 226 450 868 137 250 747 651 142 564 438 86 89 698 413 95
0 519 11 24 795 298 939 554 559 824 318 327 971 76 843 80 338 851 478 225 993 622 495 115 500 756
644 901 133 652 141 910 537 796 924 294 678 433 179 180 195 458 844 849 213 87 475 860 349 737 99 235 752 497 118 120 126
897 7 265 653 270 272 149 803 174 689 563 183 441 190 191 965 327 842 458 463 593 83 339 89 347 120 482 99 867 487 360 361 105 238 366 880 623 497 248 635
736 65 513 389 549 552 585 139 527 442
521 14 145 529 153 924 290 938 426 48 179 313 569 186 456 335 722 597 985 862 992 997 104 239 880 627 378
100 165 359 72 174 752 52 789 790 56 509
128 898 655 533 418 421 933 423 943 305 692 72 86 729 859 477 94 233 494 753 755 504 508
548 231
673 501 711
512 641 133 277 534 414 295 553 945 947 435 821 186 188 961 67 583 73 74 589 474 223 224 612 488 105 364 880 249 506 252
578 550 775 622 787
514 3 902 775 780 141 398 782 913 530 535 159 296 436 447 578 195 324 969 844 590 468 854 353 99 751 755 766
481 898 993 740 486 934 936 840 234 44 142 528 570 477 63
517 135 24 537 156 29 417 34 38 556 301 304 565 53 310 949 953 578 200 971 720 858 480 352 355 868 232 248 761 124
354 323 454 938 429 238 147 215 217 892 222
449 898 772 294 486 714 813 561 123 221 223
2 516 645 775 803 805 179 56 67 458 80 340 726 984 860 867 871 237 752
133 390 393 525 271 399 405 545 550 934 815 315 971 716 721 980 727 90 735 95 742 104 238 375 760 379
901 912 277 665 922 417 933 39 686 431 692 954 826 318 320 73 974 721 596 984 345 480 96 98 867 231
512 8 264 789 665 284 417 293 806 816 831 972 592 600 602 988 740 744 234 108 628
357 837 71 872 327 295 393 366 94 597 22 311 312 310 860 861 318
390 902 8 905 907 908 525 654 909 12 666 560 568 315 191 64 458 857 859 100 357 751 497 374 508
384 387 644 518 7 648 12 909 528 659 151 677 941 942 57 192 576 77 337 82 210 722 216 734 863 606 993 738 740 613 487 363 493 499 372 885 249
609 263 168 447 653 590 111 273 977 819 210 785 247 536 26 957 159
512 391 776 263 650 11 524 18 408 281 669 415 290 291 163 802 172 941 51 56 189 707 451 325 592 849 215 348 614 751 239 755 891 126 127
33 706 616 17 919 63
896 545 322 258 772 971 750 656 112 950 790
3 521 908 915 151 25 156 30 678 303 176 700 189 702 202 586 980 862 736 610 507 892 637
652 182
2 516 266 11 396 656 401 410 284 35 165 556 557 46 946 437 310 953 193 195 325 710 326 587 79 464 862 96 225 868 741 102 617 105 873 748 492 878 377 636
263 274 152 541 550 170 298 810 941 177 313 956 573 190 448 449 324 836 332 82 857 606 612 876 880 505 509 638
556 653 592 850 470 698
393 779 656 914 279 408 536 420 806 680 554 43 304 177 946 433 181 57 314 702 576 65 836 708 582 199 73 459 79 850 594 219 616 878 623 633
97 968 907 172 846 623 688 913 432 435 472 890
768 902 905 20 149 535 666 36 172 173 687 438 568 314 187 701 189 600 218 219 95 232 365 248 634 511
638
777 138 9 140 402 787 150 920 796 926 32 161 34 552 299 302 566 54 56 313 719 339 215 345 602 858 478 865 229 487 617 234 877 625 115 756 118 634 511
451 170 75 977 914 179 339 27 862
384 65 446 422 939 750 142 798 113 19 727 761 670
768 128 393 528 274 277 405 536 157 415 33 290 551 298 301 816 179 314 445 577 833 322 199 460 717 846 844 982 89 862 101 745 235 752 497 761
544 802 868 892 265 843 108 398 92 433 273 691 500 437 985 890 988
896 659 22 159 162 549 39 938 573 959 831 962 588 851 84 349 479 608 995 870 106 749 252 886 892 638
140 402 531 24 411 287 672 289 416 50 567 184 205 977 595 861 221 237 109
257 290 2 133 422 138 874 110 239 945 146 369 342 120 478
384 132 389 262 773 8 517 659 788 282 802 930 165 422 684 431 304 946 307 53 184 314 699 706 578 338 596 85 214 726 731 220 735 356 228 616 360 500
266 525 14 656 914 915 660 789 278 790 415 671 293 169 937 557 815 564 694 953 700 959 319 68 836 208 468 90 349 93 103 361 751 367 763 764
513 2 899 136 9 15 401 532 280 285 797 288 162 35 932 811 300 947 436 826 705 834 452 327 458 202 462 605 477 991 608 354 357 494 497 754 247
0 513 2 387 4 140 653 396 909 915 403 150 791 408 280 670 292 43 174 302 817 439 568 56 61 322 710 586 844 333 340 342 90 736 609 503 891
488 142 337 946 694 569
898 269 270 144 785 919 795 556 178 953 576 582 460 77 723 597 343 600 222 97 737 497 498 124
0 897 131 901 646 913 147 790 30 801 291 166 934 682 942 563 568 447 193 455 79 983 90 475 225 103 748 124 381
716
384 270 656 148 279 535 537 806 299 567 187 190 74 80 730 604 991 996 492 376
225 931 108 435
900 657 530 402 154 795 539 672 932 678 167 193 579 198 212 862 351 864 998 234 619 368 114 758 886 891 509 383
905 201 371 211 917 922
841 467 878
2 424 777 716 145
259 903 522 779 784 532 662 285 670 801 165 938 818 308 316 707 199 841 590 975 976 462 978 594 993 104 744 620 876 109 112 127
261
772 638 527 145 796 418 677 178 955 960 836 838 839 967 72 844 716 205 851 596 215 604 226 747 364 237 239 753 115 627 374 759 124 382
768 515 899 517 3 402 150 411 285 44 556 428 949 185 575 960 579 581 837 583 968 458 85 86 990 991 353 996 102 103 633 637 382
128 514 264 525 19 22 662 24 420 298 301 687 179 184 696 190 64 193 705 965 198 587 463 464 221 350 353 617 375 382
288 609 131 107 908 657 114 822 120 829 542
352 897 290 161 741 5 807 136 232 240 48 563 54 218 508
160 771 899 781 82 243 342 793 155 924 893 991
223
4 520 136 271 400 917 22 281 30 287 800 168 56 828 958 707 586 587 976 213 727 349 479 735 233 490 107 619 494 509
743 8 73 556 886 442
227 453 326 135 200 828 110 468 598 474 315 156
513 387 903 779 527 530 402 532 290 546 38 167 944 956 839 586 972 592 208 468 341 470 471 472 986 606 95 489 106 757
161 897 707 741 903 679 363 13 598 24 543
865 98 611 996 421 648 394 298 559 663 187 61
128 897 388 653 525 402 792 923 29 414 925 676 179 820 954 443 444 706 718 594 723 469 986 92 102 891 380
128 674 387 676 743 392 394 971 46 206 494 317 446
384 647 136 135 144 278 797 800 416 803 676 303 825 204 332 208 730 732 607 229 359 616 108 757
773 791 923 795 418 675 167 680 172 46 942 558 174 820 693 64 322 580 967 72 199 586 79 852 986 988 220 98 484 357 230 102 614 751 623 114 246 127 639
259 516 15 149 537 285 676 555 684 47 950 65 75 847 848 977 851 348 605 993 995 614 245 118 890
801 678 434 275 119 537 314
475 692 702 151
905 907 783 529 413 287 804 293 51 187 584 338 979 215 729 602 735 98 228 615 104 743 362 490 875 744 621 624
484 518 295 684 911 723 629 727 569 94
995 229 940 819 507
773 785 418 548 294 39 679 299 827 445 959 215 476 490 365 885 503 891 511
407 102 746 791 622 80 208 595 532 342 634 152 442 922
673 610 450 454 231 265 798 464 474 468 564 87 729 826 219 797 126 223
515 900 12 782 655 791 925 33 291 421 427 558 50 691 568 445 708 201 969 334 463 850 595 981 219 874 107 492 251 367 633 762 891 125
648 395 527 530 916 669 928 160 932 164 38 167 809 687 559 306 948 571 834 847 469 86 858 609 483 748 881 243 499
130 521 664 24 922 284 287 933 295 425 309 311 697 186 189 712 727 728 604 477 353 622 240 112 635 636 510
256 644 264 139 148 662 279 412 543 675 550 425 176 945 432 947 433 955 66 197 840 587 977 979 599 856 216 602 987 731 217 351 999 103 622 373 123
707 488 938 908 725 406 407
258 642 648 534 919 795 30 418 549 816 820 57 705 969 590 335 475 355 229 875 237 758 504
385 900 901 8 11 654 783 405 537 795 540 927 544 43 684 179 563 970 602 224 615 619 878 497 628 117 504 765
288 290 869 806 998 235 460 784 51 340 309 57 28 445 766 63
7 264 394 663 151 409 288 289 929 164 550 169 817 181 830 447 832 838 330 597 991 868 378 497 498 890 510
1 386 521 13 403 406 278 423 314 959 962 458 462 79 86 472 601 483 487 872 753 887
384 802 612 102 431 84 533 628 120
259 519 12 781 908 23 666 417 549 171 558 309 440 60 322 836 203 204 332 205 336 594 83 858 603 731 611 100 249 999 235 112 753 115 885 505
393 650 267 917 674 163 551 560 951 67 68 841 849 86 601 219 354 753 113 631 125
898 397 399 15 275 532 282 542 160 803 166 938 428 172 691 52 693 824 697 571 828 716 590 977 211 216 732 733 990 492 237 754 500 374 636
263
389 264 521 399 290 553 429 302 818 694 957 191 192 579 583 203 206 848 337 82 343 90 994 995 740 105 235 367 633 505 127
774 651 270 654 530 146 30 927 678 939 429 686 688 183 956 61 459 971 973 462 849 721 479 991 864 98 233 105 497 373 383
23 281 674 937 812 941 559 816 439 186 58 188 445 582 199 327 465 212 880 373 117 510
257 737 899 606 140 142 591 115 148 917 309 889 890 475 922 958 63
236 271 945 596 244 348 184 409 860 925
132 523 14 399 911 786 660 533 151 30 545 419 553 298 556 173 562 56 442 320 965 837 852 602 351 352 98 355 489 106 747 368 757 255
397 921 155 800 804 549 553 426 687 306 951 442 573 574 710 719 87 602 91 733 96 354 867 236 876 499 246 377 762 382
640 512 3 520 522 399 144 17 151 164 36 691 823 960 708 847 980 597 468 343 728 858 607 480 353 489 108
640 609 482 4 164 390 42 441 460 330 144 501 407 152 569 797
417 425 43 525 527 504 57
385 266 913 19 23 797 286 799 928 415 547 684 439 705 706 66 461 853 857 987 867 618 244
902 903 392 399 527 283 681 810 684 688 306 434 312 568 840 337 977 465 595 217 350 996 358 877 750 626 508 127
18 725 283 348 317
500 60
768 263 661 278 668 672 165 38 169 298 944 306 182 65 834 461 211 214 993 231 760
642 771 898 519 13 911 914 663 664 929 161 548 43 686 688 562 310 188 572 446 960 71 205 974 846 80 845 338 729 349 353 998 361 107 876 752
833 386 359 969 589 595 565
896 230 520 878 87 408
37 294 781 975 402 373 604 190
128 647 279 407 281 548 296 563 56 697 446 704 705 971 465 606 96 736 615 872 493 626 114 887 379
869 393 465 786 467 596 287
1 261 142 788 666 677 686 431 177 567 570 58 189 835 965 329 201 846 848 83 343 609 229 874 372
16 636 61 447
641 516 392 522 910 147 660 533 665 290 163 167 810 44 431 816 439 316 61 195 452 583 201 75 467 980 982 221 481 354 999 872 881 243 117 639
519 533 417 932 817 692 822 951 440 317 196 583 840 721 595 852 85 214 858 229 869 614 360 488 876 113 754 753 757
385 609 267 76 685 75 814 528 718 975 751
769
577 578 509 616 777 365 366 14 272 658 819 754 821 184 313 826 253
33 794 401
64 225 320 259 896 700 583 393 266 843 111 275 860
69 776 777 584 76 816 156
641 930 293 626 696 574 575
385 589 205 368 188 661 118 600 859 828
768 261 906 138 14 530 534 38 169 818 567 824 318 323 966 967 73 459 972 208 215 475 350 352 869 490 875 380 383
1 660 22 28 37 40 948 436 310 694 444 703 706 324 197 460 718 592 980 854 728 93 350 230 491 492 749 623 752 497 506 893
992 161 226 738 512 898 102 712 688 50 661 822 405 986 858
260 773 414 545 290 35 431 687 51 696 958 961 578 722 851 730 734 356 745 363 880 113 383
898 389 774 272 912 23 668 287 37 810 431 304 436 569 194 971 591 977 473 350 738 358 871 486 109 754 884 377
960 675 547 387 261 937 490 841 238 462 607 754 818 53 762 795 92 895
480 834 259 104 108 783 432 789 342 310 537 26 156 381 926 223
899 906 911 153 56 700 317 190 320 705 593 596 359 744 617 750 117 506 381 767
192 865 584 968 590 342 57
259 516 262 646 778 394 268 661 411 926 30 293 679 811 436 445 582 968 82 597 857 348 476 870 238 494 118
640 549
290 488 936 237 846 782 596
68 742 810 427 209 82 818 763 956 958
769 514 527 532 790 416 549 425 682 190 66 963 581 202 332 974 207 593 722 980 727 344 861 351 98 103 616 489 362 361 626 887
640 645 6 916 917 791 410 669 161 165 677 40 558 815 176 48 686 179 308 699 956 445 190 453 712 717 591 207 593 345 732 357 102 104 237 881 634 637
384 992 610 34 326 871 71 424 296 264 364 493 466 211 444 476 479
562 758
631
644 774 263 392 788 797 416 300 941 46 952 827 707 207 978 597 854 856 993 238
962 454 231 462 187
902 396 525 14 399 639 657 913 153 32 422 552 174 46 561 306 821 310 695 958 703 64 200 972 593 985 863 995 869 496 625 116 759 888 638 255
256 519 14 790 666 411 156 925 935 816 444 574 585 970 471 230 887 637 510
641 514 4 138 154 926 307 948 308 183 316 959 706 195 836 454 582 845 721 982 95 870 103 627 759 378 764
33 66 133 614 8 971 428 717 791 976 816 339 534 567 120 730 59 414
209 165 959
723 884 774 316
768 644 265 142 15 798 417 163 680 553 682 563 567 57 443 191 448 193 585 207 594 340 597 215 473 986 92 222 745 238 368 758 380
649 137 398 143 784 539 668 669 415 549 558 47 945 948 564 183 185 60 325 456 969 975 336 338 82 853 599 856 350 990 351 609 225 106 619 123
418 104 553 618 905 364 524 816 977 564 632
69 717 622 593 761 150 21 89 953
258 648 909 910 271 916 919 162 802 680 688 438 439 313 314 571 321 329 970 464 977 349 99 620 751 380 636 639
891 931
228 356 555 140 749 493 527 236 141 952 728
229 358 711 133 649 393 940 749 47 341 566 471 475
352 154 902
258 900 280 295 939 430 562 822 824 314 955 574 447 448 193 194 968 202 716 983 858 606 735 115
899 388 775 520 397 26 29 542 288 293 678 42 684 179 312 833 453 968 587 973 590 847 852 217 989 225 738 996 112 113 499 755 889 250
898 903 28 417 34 802 555 812 939 435 699 60 831 705 961 839 842 852 218 97 487 491 622 889
450 227 741 230 294 8 329 488 973 208 433 530 531 148 916 214
904 273 150 413 545 162 294 942 49 570 74 587 846 214 984 858 868 488 249 252
641 140 24 543 419 38 679 554 306 178 308 822 56 954 314 448 321 70 203 856 992 481 868 628 635
509 516 774 392 906 653 144 18 146 534 282 923 412 159 674 813 697 701 190 704 834 706 70 711 330 216 345 603 737 489 628 372 635 765
47
1 643 773 398 787 280 793 538 539 155 676 422 556 61 62 705 967 339 488 760 251
416 129 864 773 230 38 200 720 849 276 342 895 344 604 319
773 774 266 523 268 13 145 275 148 670 927 290 674 803 678 935 682 176 827 317 835 839 843 465 853 474 120 221 94 480 355 485 118 376 762 892
896 513 255 10 269 657 147 408 797 32 161 932 45 686 814 685 944 696 705 962 710 715 207 597 598 602 350 94 352 97 355 740 870 744 104 765 127
903 778 779 787 154 426 434 564 310 58 315 200 338 985 474 224 98 227 102 369 116 376 763
832 116 885 55 759 858 123 733
386 515 269 528 286 935 562 435 947 314 701 837 718 341 470 599 474 478 225 100 106 491 362 750 243 249
960 704 89 3 548 867 742 722 377 570 412 637
509 899 517 915 794 922 797 159 164 678 172 823 441 57 443 571 188 186 709 715 595 725 982 984 479 610 613 487 620 241 253
672 838 968 41 745 491 656 468 277 566 954 732 287
939 125
1 509 772 912 657 273 915 916 404 928 672 424 175 177 55 953 445 708 714 458 76 86 99 230 368 369 245 376 634 251 253
907 26 539 296 183 572 320 960 578 77 206 461 466 467 212 216 222 480 738 621 242 891
608 546 391 103 395 909 590 659 792 697 318 286
458 811 528 884 185
65 545 993 937 526 271 14 179 916 820 596 476
0 255 911 403 791 795 413 293 296 173 435 691 821 571 446 209 979 84 469 982 859 607 609 102 360 490 107 372 252 125 639
994 573 404 82
4 389 265 28 287 165 947 952 826 571 829 67 197 470 216 222 864 997 357 235 877 375 509 127
384 643 9 398 789 411 925 29 669 672 675 163 677 39 551 942 687 559 178 308 567 965 70 842 75 331 971 726 861 95 225 613 999 744 493 622 242
524 785 786 662 924 417 290 37 678 422 427 691 820 823 315 191 960 332 79 593 993 868 366 632 249
213 299 565
578 235 807 887
498 643 822
897 516 644 6 651 912 404 661 535 26 668 930 681 819 567 695 314 446 63 706 971 972 725 855 856 246
128 737 610 996 304 88 377 62 191
133 266 406 792 288 36 304 564 695 825 953 189 834 327 455 338 598 220 493 114 639
274 764 709
69 903 330 46 175 754 338 604
0 768 901 647 539 540 303 433 820 310 700 318 197 583 588 974 596 855 472 985 220 120 609 358 616 362 363 366 111 501 630 632 379
259 646 7 783 920 538 544 291 37 38 678 297 554 42 302 307 692 439 954 447 194 67 323 69 837 719 208 597 725 860 353 358 232 488 505 627 121 511
519 657 790 407 282 551 687 181 827 443 970 348 349 741 615 105 627 379 126
97 999 808 776 200 670 44 269 399 591 753 335 475 572 349 574
865 578 712 683 779 494 591 570
385 264 19 23 280 414 562 180 57 570 60 581 969 842 588 333 462 215 344 225 231 365 623 115 628 757 630 761
387 420 934 104 876 910 370 788 55 954 892
2 900 902 777 22 535 795 288 32 423 937 43 177 315 64 961 834 80 339 340 215 599 986 988 356 382
0 902 775 520 651 527 271 146 665 33 673 678 297 816 176 456 75 587 461 588 467 345 220 350 98 995 627 245 502 888 378 123 895
580 454 166 680 424 811 591 271 88 281 731
689 530 338 148 93 639
829 53 934
98 535 476 73 170 695 557 974 47 850 54 662 441 699 252 829
482 931 996 547 870 776 428 561 948 630 566 183 763 540
772 645 6 405 161 806 561 563 701 586 848 213 483 485 103 363 880 637 895
640 531 532 534 409 285 287 288 929 419 677 551 431 945 561 576 578 324 330 76 463 720 979 212 470 733 862 376 873 489 888 251 510 763
320 769 275 477
993 131 134 807 648 176 659 536 795 988
6 390 903 777 905 520 909 145 20 409 538 412 540 672 426 49 823 323 581 970 971 716 976 80 723 860 478 735 224 613 232 238 112 881 756 761 378 892
512 515 263 391 16 656 19 404 147 414 159 671 161 295 296 809 423 811 939 45 563 580 838 76 462 463 336 87 599 345 483 500 757 507 252
801 739 932 421 229 612 334 624 381 915 884 278 157 377 570 957 894 927
4 782 286 929 34 417 551 54 314 63 197 326 198 78 209 981 600 858 604 862 478 742 878 370 887 377 125 510
387 261 135 7 394 268 145 533 283 668 427 941 814 697 954 317 447 451 964 455 969 463 211 86 473 227 230 231 106 235 492
908 276 920 283 411 28 548 293 177 945 707 335 467 86 343 734 225 231 620 622 629 885 251 383
260 517 262 403 151 537 156 541 930 34 167 680 297 172 429 444 321 66 963 454 846 847 467 469 216 733 992 107 364 375 761 126
289 292 484 363 109 623 504 857
640 641 893 655 148 917 534 156 670 415 287 158 292 678 297 302 690 946 825 445 574 319 704 195 964 329 594 88 859 987 93 604 233 493 114 244 885 892 637 639
910 532 277 918 794 411 796 157 928 931 935 40 685 821 55 440 569 824 59 573 63 449 324 453 838 590 89 90 857 98 487 232 873 496 880 117 502 246 761 636
514 524 656 282 538 156 37 301 307 952 953 57 828 703 195 197 75 459 211 979 346 862 223 353 98 611 355 481 359 490 506 884 886 888 126 382
143 18 149 279 284 671 163 809 942 945 965 839 199 329 715 205 847 209 81 82 977 342 92 989 350 103 748 624 119 764
387 138 907 651 142 656 529 274 657 784 277 789 23 538 667 419 426 48 309 567 56 317 574 961 75 78 974 978 980 218 605 735 874 749 366 237 625 755 246 888
257 644 135 140 782 915 789 675 557 302 50 307 693 59 701 190 960 454 199 716 210 84 600 992 353 481 226 612 99 486 996 744 239 885 759 376 891 511
800 579 836 441 876 491 304 437 121 922
514 643 645 392 137 144 923 673 163 291 172 177 442 64 195 583 713 715 724 217 474 991 479 226 98 102 490 234 509
265 10 655 409 156 806 812 813 685 815 433 448 978 596 86 609 871 232 235 757 119 382
641 258 906 788 405 157 158 290 806 42 299 947 179 185 834 210 853 101 488 105 250 508
257 899 145 274 666 924 808 306 690 693 834 837 456 845 333 721 597 470 85 94 866 763
259 517 774 912 915 660 922 156 930 296 682 435 447 454 71 327 80 723 469 985 737 610 485 230 369 625 506 635 764
480 69 967 968 906 748 717 780 975 432 781 181 55 219 990 223
6 392 533 414 671 803 685 178 691 437 311 60 462 723 340 596 854 357 231 506
230 106 107 303 818 537
649 335 559 114 371 52 53 855 826 991
261 647 264 15 279 409 666 932 295 686 559 177 564 442 706 580 712 979 725 470 343 88 217 729 104 620 621 372 760
125 646
6 904 265 276 279 795 34 419 35 550 934 42 554 945 563 436 438 314 701 706 450 68 73 971 849 82 727 477 737 994 869 874 112 890 510
866 514 260 293 292 450 233 46 947 118 824 92 957
898 131 5 135 10 527 276 21 665 667 289 291 37 168 426 817 50 951 185 188 447 589 849 88 90 860 866 362 623 752 112 888 632 250 767
353 228 133 599 362 341 694 695 409 699
769 259 651 659 919 283 931 165 298 559 949 54 311 571 702 574 966 710 714 726 87 217 866 229 358 625 117 120 511
384 672 738 835 2 868 935 360 941 463 559 625 879 537 572 639
649 11 271 400 767 919 536 795 539 414 292 935 40 169 555 305 433 953 825 575 191 833 581 966 328 855 90 230 102 105 238 240 243 117 125 639
450 996 678 587 971 493 406 214
128 643 517 906 658 792 283 925 415 37 307 949 440 580 708 710 837 593 467 212 854 343 859 607 745 752 892
647 138 403 793 288 428 686 48 819 948 578 329 464 340 869 617 106 495 113 371 503
0 515 520 267 781 405 411 31 805 41 684 45 813 812 441 955 317 62 703 325 841 714 971 719 595 602 222 992 353 610 352 484 865 102 123 492 365 890 379 510
640 512 131 14 912 528 919 536 26 411 287 161 930 675 563 179 701 574 447 830 324 455 332 720 593 211 467 725 612 751 240 250
782 793 794 929 166 808 169 940 173 47 694 190 319 68 715 76 204 846 463 81 850 851 982 344 226 358 102 490 106 622 499 629 758
911 786 671 804 808 814 439 698 584 969 587 76 461 590 335 80 334 477 990 996 103 617 489 237 111 625 252 764
133 137 909 781 914 147 666 540 543 800 674 162 933 680 809 808 173 814 688 180 820 694 954 956 319 197 584 728 609 100 871 748 113 114 634 379
132 22 283 157 159 545 804 941 692 568 314 198 201 336 477 352 867 487 879 755
260 743 813 239 660 25 252 157 413
384 642 772 8 523 657 19 149 155 797 289 676 293 295 41 555 563 693 570 316 574 833 68 967 713 331 588 850 982 602 475 100 870 619 237 496 629 895
354 363 887 824 761 413
259 390 776 523 11 142 913 274 918 919 538 412 167 807 937 51 310 826 443 709 197 973 213 986 731 351 482 996 875 876 749 500 116 507 892 510
261 646 527 532 664 410 282 29 669 415 674 931 808 41 564 694 55 568 952 833 578 67 839 589 590 603 860 872 235 503 895
961 69 38 903 584 842 816 658 467 982
448 769 719 560 337 277 634 123 287
259 779 908 525 13 271 913 530 411 541 158 800 418 680 171 429 560 74 590 336 595 86 474 240 369 114 757
256 866 355 483 419 390 35 969 234 371 404 635
320 515 261 40 845 655 790 22 538 827
139 269 13 401 536 429 181 195 68 587 591 595 215 99 102 360 499 123 637 254
159 503 932 452 262 455 415 110 686 15 431 882 51 276 278 310 344 735
422 493 718 397 468
805 267 623 882 372 149 471 376
128 2 133 140 787 294 428 557 694 312 64 71 840 846 594 985 986 604 861 481 872 877 371 633 506 891 510
134 14 144 21 278 667 415 800 417 802 287 170 177 188 446 706 714 331 462 81 854 983 872 622 624 498 246 761 891 892
768 641 902 139 268 799 37 935 44 557 569 593 344 100 613 362 756 630 125
417 962 612 293 199 457 233 586 333 401 594 538 405 342 90 955 699 223
75 171 956 534
132 904 916 281 282 681 52 951 829 714 77 339 341 478 479 610 611 483 748 507 380
769 106 175 594 279
353 199 44 721 722 121 990
931 550 134 294 714 203 912 184 797 991
768 514 515 133 517 657 20 157 42 299 172 174 54 438 952 569 58 827 828 959 832 968 329 587 974 593 595 479 608 611 748 751 506 893
647 911 147 661 670 676 165 943 559 561 438 189 830 447 66 707 839 71 723 469 471 98 360 493 116 252
529 536 156 289 805 938 174 816 178 690 439 55 824 314 827 956 458 81 856 221 616 873 234 108 631 763
270 783 143 146 787 914 797 543 928 805 555 171 302 559 943 309 565 327 977 979 467 85 731 480 226 617 362 365 762
0 128 132 776 20 280 291 421 810 42 561 945 179 947 64 582 461 848 337 856 988 477 738 866 998 743 999 231 618 493 882
651 524 912 529 659 789 798 801 935 556 431 817 563 181 444 835 967 712 331 845 720 337 210 596 981 985 346 603 611 740 355 358 744 619 367 116 246 636 894
2 272 659 151 153 925 421 937 683 300 555 431 51 951 568 184 956 333 463 989 740 116 633 892
384 386 910 274 662 47 178 434 186 570 963 324 201 844 720 82 85 993 482 353 488 626 634 892
450 484 519 999 681 329 968 620 463 496 817 701
129 3 134 523 653 530 276 789 150 409 794 419 944 948 571 707 967 840 969 469 85 220 480 359 237 884 118 377
646 456 783 916 958
385 519 135 905 906 412 414 30 808 687 689 947 819 309 830 449 325 73 458 843 332 724 726 738 229 870 359 360 490 109 621 498 638
225 419 164 600 701 190
898 642 901 266 401 148 25 923 27 413 926 31 928 417 291 677 44 955 703 64 329 841 718 472 860 732 480 999 360 106 753 380 377 636 765 254
996 101 392 299 716 972 144 17 886 664 541
769 129 513 488 719 880 498 179 726 342 442 734
386 784 657 413 926 164 553 170 426 816 57 704 718 855 93 98 742 371 116 758 762
769 391 8 913 531 277 152 38 680 681 685 180 565 954 443 575 960 197 844 978 212 213 861 350 478 97 490 496 762
643 902 646 519 904 269 660 536 26 541 414 287 800 297 687 176 690 56 571 62 705 322 964 328 202 975 726 598 986 475 94 351 862 224 740 233 746 238 373 127
267 915 405 151 283 926 415 309 570 60 702 450 69 328 714 459 973 79 81 337 852 88 858 730 862 609 621 750 370 246 632 633 506 764
513 648 393 907 396 788 534 535 414 542 162 935 424 425 816 307 567 956 75 473 991 736 482 612 998 106 752 374 763 125 254
386 328 43 305 403 660 952 796
513 385 770 140 141 145 914 404 660 926 291 36 957 62 195 452 709 839 847 339 346 219 478 609 869 233 107 757 501 888
229 584 74 588 877 268 623 80 529 852 980 86 566 603 28
322 328 360 397 336 948 470 598 314 155 285
755 534
129 132 264 650 266 269 150 278 921 798 806 169 558 436 565 327 463 978 233 874
643 521 523 267 397 529 277 794 546 806 935 554 556 813 687 695 185 60 190 713 458 972 212 729 93 607 740 357 619 630 503 251
161 197 807 520 528 113 722 692 628 952 151 216 25 319
901 152 677 294 696 315 699 191 836 325 972 204 590 215 344 217 986 858 984 349 612 743 359 873 107 494 378 497 626 762 892 894
601 373 821
132 779 147 534 283 540 29 798 929 675 548 55 701 317 63 451 69 966 971 587 75 983 481 612 356 747 491
1 903 135 893 912 273 665 282 293 550 936 938 301 178 957 452 73 595 213 855 732 607 482 612 490 362 626 370 117 885 758 633 762 253
898 13 657 401 21 411 284 29 285 33 933 422 174 820 188 578 706 965 711 460 235 508
0 395 404 661 150 153 425 170 433 435 570 962 722 982 735 351 612 357 872 109 877 115 377 892
384 521 265 272 785 281 28 925 671 932 39 553 819 567 586 339 980 981 222 98 620 108 876
161 723 55 215
480 391 719 305 598 760 571 156 671
609 628 286
257 645 524 281 28 29 670 540 928 162 420 682 556 304 818 563 824 185 835 208 984 607 742 364 238 880 881 754 755 628 625 757 631 632 121 511
768 256 392 137 787 405 791 39 682 47 560 309 187 572 701 575 452 720 594 872 364 493 500 503 637
75 43 304 849 114 21 407
258 266 396 911 528 535 549 55 445 323 583 853 96 610 99 493 114 886 764
771 274 659 798 800 676 422 300 173 569 62 576 577 454 842 460 972 208 465 472 473 224 869 618 877 751 240 499 252 122 507 764
580 485 785 531 84 217
609 738 356 231 297 169 44 157
388 6 394 779 142 274 920 157 557 821 182 57 63 706 66 70 723 218 94 105 877 124
262 903 777 140 397 657 913 789 23 536 923 801 34 682 426 820 186 955 453 70 968 589 978 852 600 221 225 996 485 358 745 874 625 114 250 123 636 893
514 900 780 659 922 539 283 415 295 168 426 816 689 952 64 962 67 581 197 714 331 80 465 999 233 109 110 501
903 138 523 913 659 405 412 305 824 186 329 848 346 877 624 497 496 378 126
353 504 72 299 523 109 622 207 814 18 819 52 54 887 792 153 765
14 797 930 163 937 169 308 961 718 975 594 344 602 92 95 226 485 871 875 748 752 240 370 372
896 517 421 744 670 268 685 788 980 571 126 703
385 281 282 803 163 296 809 51 441 578 963 326 583 456 585 587 334 976 977 722 340 985 227 357 997 622 370 755 887 248 891 764 637
909 654 16 666 28 540 294 171 558 696 194 453 329 843 89 858 94 223 354 878
685 558 945 405 315 830 63
551
515 132 900 16 790 150 152 281 154 156 802 162 808 554 692 569 57 700 61 190 585 723 596 854 730 865 365 503
7 524 272 22 663 294 551 425 810 43 44 816 944 947 571 187 190 455 584 713 329 588 972 594 82 214 222 606 870 488 745 619 878 751 886 505 253 383
448 451 308 760 186 254
161 321 227 452 420 454 560 465 816 785 52 565 790 310 188 29 734
646 134 137 778 138 268 657 788 20 406 539 302 693 571 339 596 469 857 731 95 113 123 892 382
289 388 612 553 494 879 559 689 17 401 406 183 854 444 604
385 268 652 142 27 805 424 680 42 45 429 557 54 311 951 449 971 460 594 853 218 483 751 114 500
132 519 520 266 13 785 19 278 540 541 159 288 160 943 945 178 691 699 447 192 959 66 963 198 967 970 971 83 725 470 606 95 226 355 356 613 105 505 378 639
448 870 263 970 619 493 621 592 755 564 724 438 790 985 762 542 863
129 518 519 271 24 665 673 804 424 818 946 702 724 340 220 736 993 614 102
384 24 26 559 817 946 691 947 948 826 827 585 461 854 90 247 738 872 498 754 372 119
259 902 910 280 156 286 287 670 34 805 168 940 822 311 61 831 959 962 327 71 720 985 346 869 998 365 374 375 767
388 517 646 13 14 272 275 23 156 551 40 297 691 54 960 450 80 467 83 213 352 98 492 366 253
193 90 988 197
965 453 263 997 682 13 558 525 914 23
515 652 141 913 788 407 663 930 558 439 187 60 330 591 978 88 741 486 358 759 120 638
132 10 651 142 530 788 671 32 934 806 683 45 431 949 695 698 321 706 840 716 978 349 606 992 740 234 624 499 889 122
647 392 777 141 402 659 538 29 288 546 804 38 170 557 51 569 570 186 62 449 706 590 601 345 481 867 107 754 761 507
993 66 35 354 197 742 201 13 219 658 499 890 571 28
324 37 616 584 714 298 751
768
770 650 13 526 147 148 537 412 930 803 290 939 563 821 313 574 191 63 193 66 447 983 344 858 346 734 735 868 490 234 874 363 622 878 368 115 892
480 546 836 678 167 860 905 651 171 781 782 720 245 125 348 733
159 255 519 173 592 468 180 632 602 347 765 639
739 726
256 899 765 780 654 400 660 21 153 805 806 425 173 309 438 439 566 954 957 830 575 317 323 456 458 335 723 980 88 603 865 363 878 879 121 509
274 19 148 793 158 554 558 815 690 187 190 830 709 198 72 204 79 470 727 348 376 103 744 743 876 110 239 248 889 894
256 1 0 649 916 22 410 411 928 35 437 566 441 580 456 597 734 621 507 891
897 516 646 519 521 406 151 28 289 552 300 819 821 588 977 470 600 986 91 731 991 735 493 622 373 376 127
801 130 581 510 425 845 973 654 116 343 698 990
1 131 144 657 659 536 924 670 800 802 167 553 682 697 314 442 188 953 828 959 194 708 73 595 85 86 214 866 107 620 624 631 250 124 765
896 227 6 810 618 204 431 787 52 628 822 694
160 736 130 676 837 681 174 720 721 82 849 276 245 989 121 571 828 157
640 519 653 270 399 20 279 408 29 682 45 302 57 698 316 446 65 67 456 840 73 866 760 628 246 120 892 766
518 396 529 532 799 171 45 431 187 318 703 958 709 214 730 867 868 739 102 746 747 623 626 508
897 388 133 390 521 395 526 916 921 42 431 432 561 565 693 439 825 187 574 965 581 582 201 972 336 82 603 349 221 608 610 631 744 490 882 627 628 242 759 894
132 517 133 5 518 778 523 654 783 535 285 544 800 807 693 694 572 445 580 69 326 202 845 595 596 470 342 89 224 876 117 245 374
998 496 671 957 639
678 518 648 301 820 379 861 445
961 815 847 658 88
737 868 873 812 973 909 595 823 312 633 991 953 765 413 255
362 836
674 873 201 43 172 205 430 399 76 975 316
769 773 902 133 648 264 783 667 41 682 939 50 820 443 571 975 212 858 731 476 734 743 234 363 623 242 373
226 259 258 966 622 916 662 759 93 159
417 673 641 484 741 205 559 755 254 855 666 286
929 258 228 775 712 568 621 369 724 918 408 733
646 648 139 141 142 145 786 403 916 790 409 164 555 814 689 958 193 965 588 590 467 851 727 87 344 988 94 607 871 619 630 888 380
512 771 651 403 663 794 31 33 164 49 689 305 437 441 959 450 980 597 470 84 346 987 734 479 864 478 223 736 613 617 751 112 114 117 630 503 123 639
133 648 397 536 539 30 32 672 166 553 939 953 698 571 708 327 78 468 724 599 225 995 996 230 103 744 763
512 418 139
6 524 910 526 530 405 923 414 290 170 299 429 685 176 561 818 946 948 183 824 954 447 322 579 465 727 987 223 612 359 232 362 876 249 126
798
864 35 906 204 269 754 436 639
741 486 746 555 974 947 149 374 567 760 409 309 59
838 876 781 23 510 607
512 898 136 908 781 654 527 404 534 407 282 27 156 927 673 420 555 47 55 568 314 826 445 963 966 460 336 850 725 986 90 604 991 99 631
640 136 10 650 788 922 411 797 541 424 41 187 319 321 580 70 841 339 345 352 103
866 611 712 465 18 312 218
259 678 6 168 250 460 109 556 887 626 947 54 759 504 729 154
769 771 133 391 394 268 397 151 24 791 286 544 161 547 420 169 694 315 969 586 971 205 860 93 610 738 613 107 748 493 750 755 758 503 761 639
484 421 838 615 645 681 733 550 272 50 538 283 61
672 195 105 458 236 656 563 500 278 537 506 476
385 517 902 136 8 523 909 920 923 284 28 801 803 548 562 438 696 955 829 832 195 458 974 852 89 474 991 353 359 232 874 880 756 501 628 504 637 126
257 514 389 902 9 651 525 273 22 278 26 797 927 160 34 933 680 811 429 47 306 564 570 191 709 201 206 335 81 342 344 221 355 228 229 867 365 110 894
192 706 268
640 6 972 525 111 723 692 789 54 152
273 246
257 777 529 19 22 798 805 942 565 437 186 315 73 77 845 469 730 988 480 881 250
643 781 913 150 920 410 27 796 422 170 43 812 815 688 565 695 705 963 580 453 969 587 974 849 466 211 984 219 736 739 355 995 872 361 618 108 882 632 634
0 258 781 16 529 662 919 24 29 927 288 422 424 557 947 950 190 831 321 962 582 971 976 211 983 216 475 99 868 232 874 747 625 753 120 633 379 510
128 641 516 132 710 198 964 905 777 427 138 530 630 377 125 831
1 34 67 643 615 267 557 269 751 272 146 850 437 23 121 636 317 703
514 258 132 8 907 912 533 279 667 930 172 556 177 819 180 567 825 827 315 445 578 707 329 74 715 723 342 604 862 355 874 363 109 495 239 125 381 639
682 595
516 146 916 664 926 414 168 809 811 818 314 956 831 201 215 471 89 348 222 226
256 2 9 400 403 788 405 21 797 428 305 946 947 433 181 184 955 65 964 327 212 729 350 479 480 354 743 878 625 630 762 765
120 250
774 138 660 286 549 684 437 566 182 456 333 847 208 722 594 346 736 999 233 621 877 111 888
768 267 653 657 145 403 664 157 798 297 301 571 703 719 474 740 998 358 368 629
352 68 72 457 651 734 878 655 113 627 563 344 540 254 607
646 72 745 330 847 661 181 951 408 533 572 638
320 73 147 59 318 479
899 388 517 135 913 154 798 287 418 34 165 45 303 817 563 696 56 189 68 199 341 597 736 744 362 363
129 898 610 613 264 75 843 781 48 242 823 696 411 28 701 382
643 905 267 395 779 781 405 534 541 800 32 935 169 940 567 318 193 722 725 341 475 604 487 872 107 237 622 379 252 125
263 778 141 144 535 667 541 287 673 167 680 171 46 47 178 434 438 571 709 712 73 843 206 80 977 338 341 470 986 987 484 490 115 764 383
640 260 559 623 625 50 730 251 796
224 226 69 267 460 819 407 414
641 387 517 10 906 396 651 668 29 420 299 683 557 174 688 945 561 691 309 312 184 440 316 829 453 968 586 978 473 986 860 222 992 99 357 870 365 630 507 509
640 5 902 8 520 14 782 280 281 158 930 35 932 165 550 171 173 815 306 57 58 956 189 191 833 709 198 70 74 974 977 338 84 86 743 617 874 752 369 126
7 520 523 273 18 659 276 275 406 413 288 417 161 549 937 52 827 60 61 62 326 968 721 338 343 987 732 476 351 999 108 377 506 510 767
134 263 19 403 279 923 284 30 34 937 686 946 51 314 446 62 961 713 76 597 606 999 109 495 498 755 372 759 632 507 895
898
258 259 265 650 782 912 273 923 285 418 933 41 559 565 312 840 988 221 485 998 748 620 494 254
384 897 641 900 645 909 16 534 790 663 159 547 803 38 296 171 429 179 439 184 570 315 956 830 835 712 848 208 595 212 215 216 220 635 360 245 758 763 508
529 778 732
900 521 393 400 145 914 404 154 288 807 693 698 331 82 87 344 223 493 753 115 884
643 521 138 530 664 545 161 678 681 436 310 567 566 446 834 585 972 216 729 349 996 748 369 242 500 245 378
256 772 357 617 561 565
578 75
256 148 790 921 540 925 681 42 430 181 835 579 74 331 717 338 211 471 999 365 493 239
773 530 21 539 34 292 940 180 565 308 574 971 847 338 466 341 734 735 480 737 229 743 620 761 764 895
65 134 648 525 909 558 886 638
640 439 354 964 644 313 200 106 939 493 858 915 310 118 505 218 571 541
256 520 779 15 16 274 916 791 280 537 794 922 42 299 303 304 177 560 185 64 336 82 858 603 92 986 479 96 994 105 746 110 374 761
259 9 523 272 279 412 929 546 934 680 298 172 943 560 816 179 824 64 200 970 203 715 589 214 983 982 606 991 231 360 631 633 892
897 138 12 909 18 276 791 921 411 800 163 39 681 555 300 428 565 823 952 700 66 707 203 462 974 211 340 852 86 225 238 501 246 122
388 648 137 525 143 17 531 408 418 293 169 555 306 180 437 820 60 445 61 63 577 708 965 719 593 91 220 735 355
386 2 388 135 648 777 392 779 524 263 401 660 405 665 670 927 928 426 46 689 436 56 59 575 64 959 585 331 205 722 87 222 479 228 361 745 875 752 118 255
896
259 9 650 267 396 784 409 540 797 164 548 812 174 46 948 313 58 698 954 960 197 715 717 335 979 980 598 610 872 364 241 114 117 629
642 511 273 275 540 419 683 46 436 57 315 966 70 332 210 474 859 733 351 233 747 496 255
481 706 231 44 207 657 531 501 21 823 533 411 734
384 420 426 299 940 621 238 983 856 282
192 290 3 386 745 363 940 941 272 976 663 601 346 574
904 16 785 787 282 290 551 426 816 690 179 184 315 202 203 714 726 470 857 611 356 101 621 626 120 511
900 656 786 18 532 22 282 672 161 37 677 44 685 686 559 812 689 181 444 701 316 585 719 853 214 479 997 362 491 367 375 380 125
321 579 4 392 874 46 849 178 917 150 501 441
832 193 191 515 36 901 487 873 842 236 990 31
386 136 394 399 23 151 674 293 37 38 559 817 307 699 64 469 856 862 485 104 368 254
513 642 263 523 652 12 915 671 35 165 171 428 299 560 304 688 819 961 962 966 585 74 75 206 84 598 727 88 89 90 731 863 484 874 491 365
547 517 359 71 554 846 302 241 467 180 469 22 856 889 766
263 395 268 276 533 28 415 544 33 931 420 677 684 957 703 452 582 332 721 732 221 355 998 249
900 262 916 795 285 671 32 547 172 54 570 957 453 199 339 344 609 623 881 753
676 201 203 375 910 334 84 309 311 729 346 220 958 959
513 382 522 270 26 538 155 803 805 300 431 692 950 697 698 831 576 844 82 344 474 478 608 751 624 501 762 510
550 855 80 316 215 472 409 28 255
131 132 263 136 394 143 18 277 407 31 50 180 955 827 956 445 577 716 208 599 346 986 93 624
648 794 40 276
4 779 524 780 278 795 415 808 311 834 197 70 607 97 739 229 615 748 886 759
672 64 1 197 966 172 150 855 790
520 654 534 792 924 797 421 683 50 313 697 570 829 191 575 64 716 216 89 91 366 110 880 116 381 510
394 651 12 780 660 663 923 543 928 41 430 312 68 966 333 719 854 729 91 734 483 758
770 772 531 286 671 45 816 561 690 692 698 956 317 326 715 79 81 725 736 225 482 870 487 762 510
705 802 963 488 845 686 333 560 792 180 280 798 159
898 130 388 657 786 20 919 408 288 803 551 937 299 706 964 330 587 970 589 208 593 980 472 613 500 252 508 125
157
870 785 852 407 862 479
680 552 107 177 722 594 276
643 393 530 21 282 543 671 289 806 44 815 308 700 193 461 846 986 478 486 360 236 237 244
136 917 662 665 410 926 287 161 930 931 678 809 810 556 560 49 50 946 48 309 182 449 328 973 78 334 719 593 983 88 738 234 236 110 753 497 117 122 123 382
832 579 236 846 239 527 401 306 116 764
1 389 521 781 17 275 531 798 160 417 164 557 433 692 68 74 464 81 734 353 874 107 371 120 509
0 259 648 12 526 147 916 21 158 933 806 426 171 298 45 961 716 211 467 853 852 727 473 860 872 360 748 621 364 759 763 124
0 5 402 276 152 931 420 682 555 940 694 824 58 316 700 586 842 724 470 602 859 861 222 375 612 102 104 106 493 110 622 503 248 253
132 902 204 206 145 118 347
520 264 906 138 267 396 417 308 180 826 72 331 460 847 723 853 214 729 609 230 252 254
896 385 387 772 773 519 775 7 403 279 536 280 676 297 312 444 832 68 966 839 327 461 850 984 985 350 481 234 246
386 772 525 657 407 791 793 284 671 41 682 429 438 568 314 323 324 708 712 840 332 468 346 91 735 244 630 503 635
385 389 8 651 908 19 795 284 160 161 168 172 557 688 821 826 444 700 60 705 449 710 585 980 470 220 990 735 992 356 228 103 491 239 240 751 371 757 382
517 266 404 413 286 288 932 51 694 954 957 703 330 970 333 848 723 471 480 358 491 509
354 932 452 613 485 496 310 183
2 3 900 648 393 140 399 527 400 21 535 284 35 548 423 303 816 565 569 63 833 322 68 457 969 721 982 605 499 758
391 395 396 272 148 918 27 159 416 168 427 687 828 709 206 339 472 90 474 736 882 375 379
512 2 516 644 390 774 10 767 533 917 161 674 33 549 423 46 49 562 438 58 958 707 968 79 339 982 985 864 97 100 743 631 746 108 750 881 759 504 639
647 780 13 656 535 664 287 33 429 175 49 177 953 190 452 581 202 971 75 80 722 727 474 875 108 240 246 635
770 777 781 149 31 672 801 549 423 180 313 826 700 573 957 192 709 718 463 990 100
142 279 283 935 945 820 721 466 465 981 993 353 487 875 883 244 243 118 119 248 891
385 897 388 266 638 144 797 799 174 814 816 437 312 441 574 959 958 450 195 451 332 845 338 340 343 605 738 359 244 373 246 756 894 895
896 384 391 908 661 282 923 670 421 296 556 953 577 451 205 464 80 721 339 609 998 616 873 874 491 235 367 244 762 507
523 780 793 930 808 813 54 569 72 329 465 977 728 475 223 991 100 613 741 489 491 749 879 892 382
384 513 898 904 783 657 26 285 162 549 297 42 41 696 440 317 320 65 706 196 837 200 851 852 725 599 729 365 631 760 379 124
512 911 146 662 162 939 814 178 51 317 573 65 842 77 845 337 984 868 103 231 366 624 383
5 779 142 662 665 287 929 684 812 943 946 438 710 72 77 605 352 741 743 871 247 126
177 621 445 991
320 37 134 70 649 556 560 113 466 502 696 154 925
897 901 16 30 32 806 681 174 688 316 192 65 707 329 969 980 101 617 107 113 250 123 508
390 648 893 910 272 529 533 920 925 413 35 807 424 559 692 695 696 57 187 956 830 84 224 995 747 238 628 373 118 630 381
265 9 141 143 664 30 672 38 48 178 434 52 438 570 955 831 834 323 325 839 456 86 344 216 989 870 999 231 616 106 113 886 631 509
128 544 354 486 841 458 407 634
640 737 65 835 324 453 296 683 492 910 110 530 725 21 62
132 647 907 418 162 422 807 174 178 185 576 962 450 197 69 711 587 974 977 338 468 854 989 734 990 96 608 364 502 377
768 903 136 264 652 526 657 148 150 921 673 420 937 428 310 443 187 62 712 457 77 592 739 247
480 35 102 169 137 396 461 306 82 596 818 603 699 703
352 96 224 230 170 172 844 46 525 717 593 433 655 693 636 863
10 299 685 815 623 885 988 287
643 269 400 531 147 665 666 794 546 931 421 806 808 41 815 819 692 315 957 191 66 835 323 971 972 851 471 343 601 474 732 866 103 878 368 756 254
32 69 293 361 204 110 592 369 978 564 981 504 253 989
477 997 134 550 424 745 965 235 746 557 536 975 143 367 952 572 381
257 898 642 132 897 393 140 662 25 412 28 291 164 548 39 686 175 49 308 694 188 61 327 714 209 342 731 96 484 356 358 359 235 879 883 372 117 374
160 1 965 746 429 655 370 926 692 274 633 222 830
3 358 838 905 956 779 175 815 623 783 112 799 374 280 476 28 671
387 645 902 137 11 415 678 426 50 307 178 53 565 697 831 448 964 198 201 844 462 475 988 733 736 610 489 873 112 241 885 374 379
128 525 271 656 146 921 25 28 930 423 685 63 964 326 332 466 598 733 617 633 250 252 765 254
257 131 389 782 655 533 281 543 672 35 932 551 425 43 172 945 693 566 700 829 196 70 456 848 597 602 610 611 122 487 233 489 619 113 505 634 635
705 740 869 101 166 872 345 37 266 716 528 369 467 564 501 311 25 927
898 903 136 265 648 408 152 930 292 550 424 40 558 305 177 51 54 696 314 572 191 576 193 972 468 859 233 370 119
710 455 313 489 43 877 665 831
808 969 712 751 755 375 219 60
864 577 446 165 934 839 9 138 80 817 211 147 697 188 572
480 938 557 462 595 340 445
388 775 136 270 656 786 658 35 807 424 683 44 173 433 698 831 965 971 209 467 216 600 475 732 227 228 234 109 882 118 760 250
146 403 662 793 25 667 676 166 565 581 582 334 84 981 346 874 626 245 254
356 40 460 985 539
577 491 52 686
1 385 909 404 920 670 31 35 296 43 307 313 444 63 192 323 454 330 971 332 720 723 214 473 90 866 227 886 760
227 420 932 423 237 430 787 315 29
132 8 908 527 17 915 788 667 412 925 671 678 558 433 946 180 568 186 574 832 967 587 84 342 992 97 870 488 367 882 764
718
896 516 519 392 649 140 12 528 788 534 664 669 675 933 167 39 172 813 306 308 437 951 186 189 191 321 837 459 587 588 589 733 486 874 624 754 882 373 248 634
226 616 618 561 817 983 152 955 892
512 258 647 136 921 796 286 31 288 287 800 37 421 296 937 557 687 179 698 199 327 204 973 595 85 982 87 600 597 217 480 608 226 356 110 758 375 636 381
932 983
4 270 910 148 661 20 154 415 927 933 166 295 817 946 947 564 580 334 211 596 985 857 478 94 224 358 231 882 499 116 250
653 271 912 657 403 918 547 43 173 303 687 944 947 564 825 570 960 842 847 722 96 741 102 874 875 624 374 502 121 893
2 4 389 265 269 13 271 658 894 534 663 927 939 177 434 690 820 829 969 331 847 848 465 722 350 743 620 493 881 253 509 638
130 195 933 773 358 239 607
349
1 386 898 130 530 665 931 428 945 52 439 189 193 452 965 584 78 464 342 119 472 349 741 103 875 244 628 630 759 632 126
769 151 921 411 27 546 163 932 806 679 815 688 51 953 571 699 958 193 70 840 584 458 203 329 206 980 342 476 989 996 485 229 504 500 373 244 376 891
18 19 917 663 921 281 794 682 688 308 52 567 697 64 834 197 72 730 609 358 614 105 874 749 881 375
992 514 483 165 425 841 587 403 277 507
1 769 390 904 393 17 284 415 671 419 804 680 41 945 50 194 708 457 202 843 465 607 743 872 874 245 765
131 772 400 405 805 933 174 562 309 823 57 570 705 969 460 591 726 855 874
384 641 785 660 668 287 803 421 935 556 561 59 958 708 454 594 339 856 89 864 110 496 370 246 123 509
640 521 16 798 939 53 571 193 65 67 582 200 973 338 467 215 749 878 498 118 761 255
404 245 783
311
768 512 21 792 795 926 160 170 693 822 575 834 329 722 466 728 217 477 605 863 103 744 619 493 623 496 371 763
736 843 49 977 246 278
777 429 910 400 475 252 254
517 265 400 785 662 23 537 411 673 685 47 447 960 973 78 218 737 487 620
256 770 386 648 9 536 548 168 831 967 72 971 976 350 478 606 992 994 492 763 894
897 390 916 157 420 422 168 701 317 574 328 201 206 209 347 479 611 868 630
386 211 375 727
65 395 84 909
256 641 262 263 528 275 277 154 542 415 550 688 951 572 957 199 584 841 76 973 83 724 856 987 348 356 997 742 741 747 241 245 889 891 380 893 638
641 322 424 809 394 234 936 556 271 887 148 693 214 372 310 444 317
130 388 912 536 283 675 934 956 317 447 452 457 330 77 984 608 622 754 883 245 117 639
508
259 901 16 793 416 675 806 295 425 298 438 696 447 839 457 841 854 218 367 376
577 933 585 15 50 596 126
12 910 911 784 654 786 766 147 537 409 285 797 816 179 697 829 192 577 712 713 856 88 607 608 111 894
636 769 642 512 643 900 5 137 779 273 19 923 287 544 674 292 677 678 165 944 310 55 951 703 831 705 451 966 79 83 471 601 355 996 104 122 252
864 98 899 965 967 330 282 207 720 563 212 249 986 635 445 31
384 966 809 466 500 117 860
904 905 783 403 661 918 409 545 169 937 44 691 183 184 827 704 195 455 328 329 586 712 847 337 211 605 101 871 236 373 895
645 268 397 13 277 662 538 922 166 295 169 300 305 307 441 314 320 196 711 847 976 83 345 218 92 992 868 234 618 882 628 253
770 324 136 360 27 331 876 13 590 464 176 117 955 764 605 542
896 774 648 136 776 267 652 396 784 152 670 159 286 932 431 688 565 958 837 968 344 345 91 110 497 370 890
645 518 904 528 663 922 34 37 169 810 811 428 940 431 47 308 952 441 825 448 836 709 73 207 600 217 601 98 357 231 104 240 503 252
387 906 139 913 534 665 285 29 670 35 36 166 295 809 810 301 944 952 824 831 839 713 338 724 85 855 477 482 485 486 361 496 371 380 125 127
32 162 739 582 838 369 443
134 526 655 656 149 664 24 797 288 34 547 39 557 829 322 966 588 845 597 740 233 623
673 2 963 484 996 362 222
355 707 921 647 391 426 562 596 404 693 408 569 346 509 254 445
608 383 233 652 493 749 786 409 538 731 220 991
800 482 131 294 73 714 685 398 176 474 597 694 794
258 900 653 404 922 800 803 424 938 814 565 55 185 58 961 193 326 477 236 499
513 517 646 490 531 211 990 19 542
836 327 808 937 755 693 348 573 446
802 291 584 137 650 363 140 844 14 595 373
791
642 517 136 393 905 13 785 662 280 666 924 671 288 165 170 432 435 441 62 831 576 971 972 973 592 215 859 95 741 233 234 749 885 630 503 505 637 382
3 392 136 525 661 541 676 172 559 690 434 692 563 449 450 199 458 81 94 871 495 626 758 253
265 16 22 413 164 170 557 943 688 179 437 57 314 699 573 319 851 600 220 606 998 743 492 883 886 888 634 252 383
899 4 516 262 519 655 916 21 153 410 25 673 39 810 431 177 818 821 309 696 72 718 464 852 468 221 734 478 992 482 740 998 231 110 495 887 372 503 889 509
256 901 655 21 150 790 668 801 545 677 567 825 314 828 957 352 998 999 621 120
516 262 519 12 524 659 915 662 791 922 671 39 552 172 44 430 559 48 823 187 579 582 593 723 853 727 345 737 743 755 890 766 383
929 771 388 73 970 16 403 981 629 151 761 602 955
872 317 238
134 905 142 14 290 177 957 575 963 711 201 338 851 119 473 732 375 357 105 631 766
993 962 708 359 554 235 12 282 142 655 174 627 759 89 570
258 776 266 651 146 787 20 409 921 156 544 939 816 311 825 698 828 445 832 450 71 968 843 844 206 981 350 863 226 738 996 614 364 496 369 626 757 253
514 777 410 666 548 424 681 172 560 305 180 575 850 343 93 866 995 742 124
129 226 261 199 345 393 360 429 78 781 720 335 979 793 473 315 477 57
928 832 354 162 614 685 302 462 274 884 309 184 88 921 796 894 95
994 867 644 76 656 48 820 20 822 661 280 575
101 40 42 974 178 991 443 894 767
720 323
416 897 64 707 773 234 814 879 624 756 341 501 473 346 254
992 353 512 35 68 550 263 236 219 251 945 692 758 55 87 987 92
263 269 783 784 278 925 929 546 808 42 299 556 560 306 695 955 443 62 831 832 449 451 588 591 336 473 734 993 99 615 488 362 623 752 633 888 249 636 382
384 896 645 646 263 518 905 264 136 649 779 910 532 406 22 537 157 290 294 553 813 694 831 707 965 453 733 354 610 873 618 112 627 117 373 376 124
257 775 523 396 932 296 815 692 953 314 827 315 201 847 848 213 92 989 97 99 493 372 120
900 646 143 535 921 155 933 935 425 685 46 687 48 813 178 436 442 449 321 972 338 468 342 214 859 734 96 999 617 116 380
936 641 481 367
132 777 649 143 527 531 409 800 936 172 944 308 325 201 459 81 82 594 84 725 216 860 609 995 102 486 873 234 618 752 498 243 248 633 510 383
1 646 523 402 150 922 672 427 172 309 694 953 188 193 969 713 846 207 850 344 89 859 351 610 997 613 615 365 112 758 759 633 253
1 131 772 899 7 136 521 906 531 21 149 407 157 925 287 173 301 689 691 692 317 446 319 70 845 335 339 853 858 864 611 995 617 492 499 243 247 633 380
517 274 916 279 24 422 813 572 446 965 852 728 987 732 862 863 740 360 494 369 116 500 757 761 762 380 893
259 923 325 998 806 479 682 399 527 859 988 29 511
646 263 781 278 151 944 321 197 199 200 203 331 850 730 478 480 105 883 374 250 894
262 915 148 933 553 172 685 178 693 191 972 595 214 856 986 92 478 607 120 506 766
705 295 617 208 656 50 691 152
741 361 938 657 147 948 243 920
0 259 388 899 262 904 397 269 530 916 27 284 672 290 167 811 301 944 562 947 184 186 314 832 322 199 72 979 479 480 618 107 108 495 623 497 376
386 131 261 136 398 399 527 14 789 663 52 182 439 699 957 959 704 193 968 458 714 332 715 211 471 221 991 996 485 489 236 110 505
524 653 912 153 677 937 938 939 426 300 814 559 298 305 51 179 566 570 62 575 576 968 587 333 463 79 592 850 852 214 474 101 870 111 881 114 886 891 253 894
518 140 921 154 794 795 421 312 952 314 315 961 200 469 858 865 617 105 880 245
385 642 4 645 392 652 274 413 800 548 932 166 806 936 424 423 808 173 687 435 822 569 60 322 836 966 330 718 975 974 338 214 605 738 995 484 108 623 382 767
391 778 266 652 270 664 282 933 310 312 61 959 64 980 601 989 735 480 610 230 745 123 893 126
769 264 777 267 13 657 792 801 548 425 937 438 182 698 573 445 835 67 585 587 205 206 79 77 83 472 216 479 995 999 360 361 383
835 997 742 680 620 79 657 561 245 310 119 568 217 668 605 574 895
128 578 66 787 339 819 950 181 221 671
706 579 645 870 520 168 426 618 107 398 526 622 660 373 374 636 189
609 65 549 966 138 717 688 849 753 568 927
864 382 515 677 295 41 553 265 749 786 661 247 283 446
610 581 908 83 597 26 316 349 958 607
711 777 811 145 537
944 898
128 481 808 623 881 121 189
777 662 286 804 810 693 703 711 715 973 207 854 477 744 232 495 113 369 887
356 844 437 694 984 345 445
768 384 387 523 268 784 793 818 188 703 64 325 71 456 203 595 469 736 101 617 621 371 253
98 643 34 904 879 306 886 152 377 735
834 196 709 72 392 655 625 563 691 53 243 791 762 283 989 575
640 647 270 664 30 551 171 172 428 814 692 956 197 326 712 975 81 726 983 342 221 350 606 993 484 228 743 872 749 508 495 628 629 380
0 262 520 276 917 920 667 924 284 39 50 690 691 947 824 57 447 66 966 71 210 341 729 730 91 988 224 225 101 998 102 488 745 490 874 622 112 373 122
514 7 136 269 911 402 665 154 284 672 416 544 928 803 424 175 704 449 455 841 201 857 346 124
523 13 531 788 795 801 292 551 682 44 692 439 184 62 192 323 708 196 582 468 853 86 988 221 378 893 383
640 641 263 524 781 527 659 404 663 25 538 27 675 551 301 304 441 58 959 320 448 66 965 70 71 332 591 86 857 737 866 485 359 103 877 367 375 891 638
256 641 650 146 915 278 796 31 544 673 548 933 932 682 172 566 189 67 581 454 966 968 846 210 88 731 91 480 740 622 760 888 117 632 762 891
531 653 949
773 526 271 527 408 921 33 36 553 298 937 428 305 690 314 442 957 830 842 847 215 352 227 484 999 360 107 114 762
132 511 531 22 663 919 23 406 674 429 306 185 572 830 716 849 348 733 223 359 490 509 255
644 906 266 650 148 157 290 292 430 49 56 444 63 703 65 456 217 997 742 741 998 752 497 500 629 506 636
516 748 367 956 29
130 3 397 783 530 20 410 412 928 546 551 807 176 177 696 824 190 71 199 76 590 86 606 480 864 483 613 741 242 375 511
261 6 520 524 270 783 528 19 23 543 800 289 804 677 37 685 814 442 196 202 208 977 215 217 736 101 622 630 119
128 902 649 16 148 405 806 553 425 685 561 312 571 318 63 71 202 208 209 338 609 481 509
130 963 549 907 12 589 813 108 651 725 828
907 142 530 275 21 919 665 283 289 933 935 173 180 565 695 571 955 64 193 835 451 76 206 985 603 731 225 99 357 615 873 127
646 903 143 915 687 312 841 719 721 851 342 471 986 730 99 483 876 502 379
384 768 257 387 10 657 658 530 788 532 153 540 285 677 553 937 558 311 60 64 835 196 73 721 722 210 594 473 607 102 760 633
774 135 522 409 28 670 169 432 944 308 955 578 66 198 711 843 716 848 213 725 348 228 869 624 245 504 634 254 511
612 806 873 473 111 370 856 563 725 246 375 120 885 317 158 351
129 390 779 398 540 420 170 818 690 694 567 440 443 65 67 75 83 222 228 754 629 890 126
516 144 22 415 801 162 422 433 438 319 322 708 69 587 975 592 722 978 212 859 354 867 229 742 486 627 119
1 769 2 645 653 657 154 667 161 676 677 292 937 43 686 57 826 576 68 71 81 596 732 612 228 102 359 616 230 490 996 231 108 374 375
998 297 779 527 215
896 256 649 665 154 929 674 38 552 42 300 45 433 818 51 563 945 58 320 833 453 968 842 587 593 982 470 94 227 99 362 623 626 760 252
449 161 898 964 869 39 201 810 971 595 83 468 118 308 312 990 287
129 132 392 141 397 16 792 30 159 929 162 289 548 169 42 943 688 820 837 584 82 598 89 604 482 997 485 104 363 885 504 250
256 643 259 777 913 409 794 927 672 38 684 48 436 310 439 59 574 449 967 456 586 78 856 985 217 220 889 482 612 357 249 365 238 751 242 761 895
163 933 711 722 406
514 548 134 394 45 718 366 111 881 240 275 788 28 728 188 319
386 516 772 270 656 912 915 411 924 797 668 671 36 680 809 305 436 692 695 313 315 187 317 837 839 840 974 593 722 340 92 998 743 488 363 506
512 138 141 528 532 148 157 800 163 295 810 556 562 693 187 828 319 967 713 974 83 598 987 96 248 610 994 868 98 358 615 617 376 255
5 925 163 168 694 826 705 331 84 94 992 483 104 617 236 242 758 374 632
317
393 781 408 32 33 296 681 170 300 946 820 438 310 63 449 460 81 728 347 991 359 247
385 258 387 773 785 145 29 543 800 33 159 162 676 166 39 936 428 181 310 567 309 445 61 707 836 451 198 84 983 991 994 362 755 373 761 511
345 123
512 2 131 644 774 10 914 790 281 797 672 418 553 554 825 827 321 711 203 988 220 864 865 102 490 622 244 120 126
263 524 412 673 294 934 810 941 557 951 439 443 705 67 716 335 595 861 863 481 611 109 497 381
929 259 548 743 232 426 299 588 366 78 50 824 726 151 696
576 225 167 555 557 558 880 951 912 149 471 700 221 703
773 262 917 663 920 154 807 555 686 432 433 823 328 75 591 86 728 991 739 356 883
257 899 7 905 650 22 152 921 926 930 164 295 432 948 693 829 190 589 339 728 91 740 241 242 506 250 763 895
960 609 741 680 41 876 557 815 659 628 182 763 445
769 781 668 38 693 316 830 320 708 840 335 80 337 210 986 224 358 877 113
6 904 16 532 149 163 40 939 812 46 688 946 822 193 711 718 209 859 347 348 488 489 112 882
6 135 7 150 547 38 423 686 688 567 188 834 196 851 467 723 601 218 97 488 874 372 760 508
135 906 269 399 151 537 417 546 803 190 575 704 193 578 581 72 714 83 996 231 364
393 634
128 644 394 12 268 272 148 918 152 29 559 564 823 954 959 454 328 77 722 982 87 344 733 479 114 506 126
707 487 937 460 77 590 433 503 314 795 415
899 131 518 395 524 529 161 801 420 933 168 689 561 309 312 184 195 196 967 328 588 335 722 599 858 351 992 107 626 629
644 136 654 270 658 22 663 918 676 425 938 691 308 693 58 315 575 960 331 469 217 731 990 375 609 354 739 868 616 490 755 628 630 759 120 636 893
513 514 5 395 270 660 539 547 806 168 949 950 569 315 956 455 584 840 841 200 215 987 869 360 363 242 116 373 637 511
393 523 13 913 549 816 820 440 185 442 952 192 707 585 591 598 854 600 350 353 102 871 499 500 885 504
768 130 131 261 519 14 531 659 662 23 540 161 294 170 687 306 53 186 826 829 66 323 967 720 209 465 853 349 994 995 621 498 378 255
640 9 524 526 785 407 408 411 668 157 285 35 549 39 935 938 429 450 964 843 973 462 851 983 88 729 91 221 96 225 108 624 369 242 498 884 885 752 759 253
256 896 518 652 525 782 530 537 796 926 927 684 47 49 819 437 694 568 569 441 317 835 201 209 81 467 214 598 731 482 999 489 237 245 891 382
417 228 581 132 711 40 701 870 843 973 400 689 275 691 188 221 287
257 517 906 911 784 785 146 552 45 177 434 693 439 827 72 200 973 721 214 862 998 361 493 109 499 120
700 749 567
422 328 777 139 944 115
803 936 714 813 335 626 792 63 990 863
608 420 553 873 363 178 407 24 733
224 389 454 488 143 144 562 20 469 954 157
224 354 98 708 775 267 524 80 465 978 498 469 183 664 569
518 520 392 398 399 914 278 665 153 925 546 934 171 52 568 703 704 837 327 724 91 475 347 94 480 376 357 233 107 108 750 495 623 371 759 632 633 378 765
261 400 405 22 671 678 168 42 173 180 323 198 459 335 598 729 473 863 224 611 101 747 110 250 891
260 202 907 778 910 723 310 279 381
320 433 27 460
768 912 921 429 301 944 64 713 341 599 216 90 734 492 493 881 884 505 124
0 318 582 880 597 250 827 702
648 14 531 537 417 942 821 310 823 957 702 708 587 332 597 343 605 223 100 359 234 876 493 629 630 127 255
544 833 770 291 804 197 779 492 113 309 536 953 61 94
865 676 935 810 141 208 887 635
301
769 3 899 144 915 661 287 42 939 53 950 185 957 62 831 450 841 970 461 976 855 728 857 601 93 992 994 236 241 883 504 378 763 126
745 543 462 111 560 308 88 185 63 24 671
769 132 394 652 782 153 412 285 927 162 296 297 431 434 438 695 951 441 58 183 61 73 841 713 82 212 214 216 987 731 94 482 360 745 493 237 498 373 376 379
901 776 138 526 783 915 917 24 160 546 422 297 812 432 177 440 701 324 977 345 103 105 494 242 119 632
403 412
38 168 681 650 298 620 465 245 950 30 639
225 321 545 386 681 265 494 561 29 606
776 971 428 268 663 249 218 29 30
256 515 903 403 918 536 28 288 939 940 688 51 950 953 443 447 705 962 67 452 76 345 611 484 613 101 753 499
280 91
4 772 12 913 145 535 284 161 163 679 48 191 959 196 590 338 87 222 992 867 616 233 490 752 498 115 504 637
906 939
385 386 257 778 397 653 658 147 660 533 788 539 412 544 676 933 38 297 432 563 52 566 823 700 957 574 71 75 203 205 207 719 469 474 604 739 371 248 507 509
386 770 771 772 255 904 267 20 796 421 814 691 316 445 709 455 841 202 724 983 343 346 94 111 372 757 251 127 639
520 270 911 20 667 412 546 937 44 175 951 825 574 62 451 835 845 846 849 857 858 239 754 121
514 521 267 786 926 675 45 558 943 178 819 52 951 824 312 193 965 838 75 592 476 861 483 741 361 366 509
517 901 143 913 282 413 414 671 804 294 681 939 815 690 438 567 956 60 190 68 581 454 324 851 980 989 612 872 746 238 495 751 883 630 121 766
897 776 522 269 911 913 275 673 418 164 422 43 941 945 946 949 566 567 439 958 190 705 706 197 199 200 972 205 860 92 988 355 611 100 486 359 882 757
833 706 194 995 294 806 872 331 299 913 820 89 506 94
102 838 71 523 956
385 132 649 657 405 24 410 160 545 805 554 431 435 564 52 57 58 571 572 324 715 600 728 990 997 488 746 500 760
768 772 645 518 787 662 27 547 41 297 554 813 176 57 698 59 205 973 463 79 212 471 730 226 105 235 368 115 883
128 66 580 584 459 78 911 368 592 878 339 851 533 693 505 828 989 447
770 516 9 13 400 151 154 925 162 807 170 298 814 561 50 324 454 456 465 854 599 219 92 222 606 352 737 865 615 492 750 625 755 378 379
768 519 651 526 16 796 930 834 69 581 456 587 975 79 594 853 734 866 233 117
384 773 911 530 915 661 790 535 155 283 285 671 936 428 812 302 561 58 570 322 837 198 454 69 335 731 859 93 355 615 360 487 619 116 885 634
228 836 934 231 965 969 550 172 141 48 818 244 887 314 988 95
780 912 149 665 415 293 44 428 564 697 578 846 85 732 481 355 101 105 878 367
137 9 274 404 921 26 668 417 419 933 557 431 690 564 821 186 575 65 194 321 708 202 463 594 856 472 216 607 479 97 743 232 999 618 497 241 883 626 380
256 3 910 18 665 157 159 545 35 804 293 676 295 931 429 178 819 313 189 704 705 450 70 327 329 972 463 849 851 728 985 861 872 106 109 623 626 248 761 764
387 773 777 779 13 654 656 21 24 154 925 415 928 160 292 677 168 169 943 47 304 438 318 834 717 722 339 852 341 87 865 868 997 107 880 369 370 629
642 137 786 917 790 918 33 808 810 683 434 821 188 317 958 573 839 72 586 843 972 461 847 466 469 602 992 613 752 880 381 371 498 758 124 253
0 3 903 392 647 911 400 787 277 921 283 800 804 553 303 432 689 692 308 55 56 442 450 327 967 844 721 85 611 485 617 492 627 629 886 633
364 734 783 527 17 210 83 213 343 315 604 311 446 479
896 5 904 137 395 526 913 401 895 793 154 799 548 421 808 939 944 432 183 573 203 589 723 981 472 344 478 97 226 612 100 486 614 999 239 751 759 632 127
292 4 134 631 632 941 274 857 917 630 726 566 537 958 894
859 644 519 317 267 524 878 78 654 175 720 243 462 470 538 891 989 958
960 322 356 327 59
518 140 655 528 403 20 662 790 413 671 931 804 933 294 932 813 691 181 952 824 956 839 841 330 459 331 209 89 92 226 613 743 492 369 758 505 251
513 1 645 134 137 906 779 911 923 413 158 286 551 553 554 809 429 302 561 949 953 698 828 843 207 336 337 209 979 599 604 993 610 102 746 750 370 626
513 6 535 414 931 688 946 435 947 955 836 325 975 464 213 214 598 984 866 485 998 231 626 507
772 138 400 786 20 916 22 797 541 927 427 173 178 818 437 952 326 711 713 332 475 603 991 868 361 493 366 884 250 123 125
2 388 392 138 524 529 923 540 32 676 550 811 951 317 319 195 966 967 461 592 467 598 727 991 736 737 611 99 745 877 622 110 880 244 501 376 510 511
900 778 783 784 276 793 538 412 935 555 942 51 820 182 57 443 61 190 71 456 969 842 335 82 725 88 990 606 223 354 490 107 108 237 752 755 382 895
289 836 356 810 234 303 944 317
394 140 782 16 27 34 35 807 813 431 816 689 178 435 52 313 702 961 327 200 970 76 865 226 482 996 487 359 999 488 366 751 240 504 252 766
15 528 146 530 402 790 926 929 419 686 559 947 438 822 829 65 195 70 477 230 110 879 115 758 379
898 334 501 634 732
897 898 647 908 12 268 273 274 659 535 281 30 420 43 815 308 958 65 594 723 477 606 873 746 882 886 891
0 579 931 613 38 232 968 427 300 814 526 787 793 760 94 444 862
0 385 133 902 779 400 272 402 659 916 920 410 33 929 551 936 302 949 443 190 197 584 209 850 87 599 345 473 862 222 230 742 494 886 891 638 511
772 284 158 550 296 171 557 944 443 579 70 969 842 335 720 207 339 83 470 471 94 96 481 871 365 251 767
513 139 530 793 25 158 287 159 37 167 812 941 428 562 694 709 74 586 336 81 598 603 481 748 364 622 370 634
665 251 814
132 294 521 298 784 658 690 437 215 313 732 862 671
483 355 232 203 652 685 718 110 171 436 87 281 447
641 995 420 549 460 941 302 270 286 569 693 695 952 633 508 381 542 799
864 963 422 806 521 847 468 886 379 540
865 2 962 545 775 680 77 878 720 980 917 694 245 756 153 61 511
672 738 898 805 713 811 813 342 758 186 31
768 903 777 143 785 274 285 927 803 552 686 309 327 723 479 608 353 736 485 626
224 448 33 838 542 457 713 334 687 593 657 658 50 629 789 894 316 830
65 231 907 303 912 593 880 499 534 600 57 59 989 575
643 4 646 262 392 785 403 660 533 151 156 286 675 803 39 808 296 556 817 437 183 837 584 201 456 203 717 86 600 859 223 353 481 498 885 757 123
4 776 780 653 782 15 528 269 786 662 536 27 672 289 674 547 935 563 180 952 953 327 200 333 845 847 590 86 88 89 90 606 223 611 102 360 109 238 760 376
2 199 488 297 812 366 430 381 792 761 762 60 637
130 9 138 400 532 407 154 283 796 27 34 675 422 688 691 564 820 954 60 573 448 588 590 463 856 987 861 862 483 359 232 874 747 364 362 624 112 246 631 124
133 904 140 920 411 173 48 51 949 570 954 187 699 67 588 340 470 353 112 625 753 240 505
321 354 98 168 169 536 232 780 488 238 847 338 595 629 984 762 61
774 647 681 471 189
96 352 4 70 743 872 765 783 849 882 274 309 23 666 221
768 386 644 391 647 9 271 16 657 146 19 150 23 24 27 295 425 427 45 303 318 450 711 583 79 847 210 594 724 600 605 865 995 485 102 358 877 239 120
3 892 783 920 669 804 552 44 941 818 434 950 822 58 967 584 201 205 725 727 479 608 228 358 361 492 242 629 245 762 508
770 999 458 972 45 81 786 979 116 19 630 151 952 89
358 625 855 568 538 222
577 559 657 436 437 343 732
775 910 280 922 540 159 287 933 935 810 682 941 436 821 566 826 317 67 967 969 75 716 978 211 597 983 216 474 603 222 223 608 998 364 623 888 378 636 125
644 869 775 297 780 365 974 400 213 597 510
522 395 656 273 147 924 286 938 555 684 427 176 433 308 951 187 959 458 842 845 850 861 481 482 485 233 756 505 250
896 898 3 776 278 922 287 930 803 42 428 54 823 830 190 962 598 89 729 989 106 755 118 375 382
389 141 526 279 683 302 438 696 571 66 585 462 848 216 89 994 867 364 632
514 904 275 147 797 938 943 817 320 325 710 966 840 969 459 204 80 593 371
104 457 44 6
992 964 133 166 909 655 976 339 404 757 439
1 5 263 265 781 529 277 667 798 935 680 305 50 311 570 959 963 200 329 330 595 341 726 215 222 608 869 230 873 367 380 895
385 652 404 923 799 672 420 293 548 558 434 948 571 572 827 702 833 849 722 337 82 601 96 359 505
226 838 423 518 147 692 373 437
129 902 519 655 529 276 406 791 669 285 37 678 573 703 576 833 65 73 205 590 719 208 589 480 739 867 236 748 239 113 497 500 766
6 790 540 669 799 415 550 294 680 686 178 820 181 312 831 705 454 456 471 347 735 224 97 480 483 232 491 493 635 508 511
134 785 274 406 924 159 550 294 297 172 432 434 306 820 700 829 449 66 842 463 849 83 222 103 360 493 239 369 244
257 509 395 398 531 148 152 25 672 46 174 177 439 836 728 217 865 868 884 245 381
385 530 664 797 800 34 163 551 683 53 824 577 469 472 857 732 605 96 885
836 933 70 169 556 717 528 347 667
524 271 916 672 802 930 803 426 427 938 561 434 183 70 967 459 84 345 93 97 867 617 748 627 762
641 516 11 654 911 274 665 287 548 168 308 567 318 448 323 580 839 968 970 203 207 83 723 981 470 471 983 217 475 221 862 737 743 877 625 241 123 765 895
768 962 360 364 950
388 6 392 785 18 23 535 667 796 929 681 427 686 948 310 441 444 191 63 452 581 710 715 599 859 603 486 745 491 492 749 110 752 885 507
48
896 898 263 393 511 653 910 399 278 28 295 682 170 562 185 65 965 713 842 590 976 213 855 215 345 356 870 874 107 376 255
130 644 648 393 281 417 681 301 432 564 693 698 575 719 207 79 599 218 612 613 230 362
128 258 773 9 652 783 144 537 794 155 413 415 33 550 178 441 322 450 839 200 716 77 467 471 91 477 605 736 484 485 751 881 882 888 123 765 511
642 260 136 780 17 787 532 20 161 546 931 680 809 952 957 64 577 706 452 581 460 208 602 606 481 739 749 750 248 763
513 129 770 142 144 531 537 412 161 802 35 37 166 41 425 299 48 55 571 323 77 205 335 723 861 621 884 502
257 769 138 787 20 21 692 57 965 73 852 856 92 484 871 873 113 242 371 888 248 762
638
249 934 583 584 70 970 330 601 498 661 438 473 317 573
133 394 781 150 541 289 674 305 563 820 441 189 320 196 199 971 846 462 339 852 597 982 215 217 987 354 742 360 873 877 880 114 252
257 866 297 843 44 206 17 754 437 793 510
643 388 3 774 647 783 914 531 276 533 20 279 925 545 37 293 171 940 815 194 451 963 69 454 842 75 205 850 346 730 219 739 484 483 999 620 245 125 381
131 139 17 19 419 165 298 812 684 177 561 440 442 444 958 845 209 978 595 468 341 986 91 733 605 736 96 612 123 622 367 239 501 251
0 2 900 394 401 920 545 173 559 48 189 577 66 336 210 979 96 870 359 362 748 505 636
4 391 269 526 16 791 284 797 33 548 805 808 810 687 176 819 949 566 181 580 712 969 460 978 83 86 347 350 223 991 995 101 491 621 494 753 369 767
163 868 475 700 671
33 891 208 307 26 794
121 522 746 473 845 60 239 588 753 723 441 59 985 382 959
905 280 290 420 554 944 440 61 833 965 975 336 977 850 209 597 89 864 102 615 491 500 764
128 385 772 262 647 142 794 157 414 293 43 438 184 185 442 62 576 320 68 581 202 853 990 994 356 230 743 109 238 496 628 757 885 250
769 129 11 140 270 399 784 793 285 799 159 932 36 934 688 441 572 956 192 963 325 710 714 460 211 84 595 730 224 739 105 111 753 371 374 504 509
809 433 945 443 313 187
833 802 2 421 424 937 956 459 682 717 24 380 317
994 453 263 552 396 848 337 883 279 186 669 607
640 772 781 19 788 787 662 152 925 29 812 686 181 439 55 186 189 318 573 574 965 200 202 336 851 854 984 473 477 735 738 357 620 501 504 506 763
386 134 649 394 268 397 142 271 913 275 282 413 929 805 39 942 303 51 197 329 337 722 85 985 346 482 740 101 358 108 879 630
865 66 835 932 389 134 263 771 907 781 177 722 149 568 670
272 788 667 676 421 936 566 313 573 581 967 972 204 210 82 853 603 860 477 353 997 102 361 624 755 118 248 633
228 714 459 556 846 113 347 755 627 469 22 52 788 987 253 639
641 902 8 273 915 664 28 414 415 291 547 43 813 302 560 566 568 572 707 965 711 328 333 79 847 339 858 734 94 353 997 230 486 229 625 247 889 382
609 904 755 980 601
352 419 901 485 319 712 812 300 334 115 564 57 474 158 796 540 382 511
832 713 907 345
935 684 472 221 863
397 141 150 535 282 157 671 416 546 675 433 694 695 951 829 830 195 451 838 200 712 844 206 975 463 79 980 213 345 346 988 223 96 100 745 237 756 376 250 892
768 650 144 788 532 662 23 289 423 685 942 561 437 950 309 330 980 981 98 614
993 195 100 517 38 583 163 873 394 111 978 723 148 724 850 568
772 517 10 15 409 27 670 542 547 423 552 427 556 301 435 824 568 705 68 708 456 973 466 340 729 346 603 478 864 358 359 489 490 105 237 880 245
642 133 902 391 528 788 663 796 668 925 31 800 545 419 675 421 299 556 942 561 948 54 824 450 329 592 721 596 986 478 361 233 364 750 496 752 887 123
906 523 661 407 793 539 283 415 418 162 39 302 432 59 61 63 198 979 477 863 995 740 614 622 112 378 251
859 645 9 429 147 569 379 318
12 782 662 921 666 419 932 424 426 555 48 570 702 972 338 212 729 473 733 866 363 508 376 252
512 609 33 547 643 357 551 970 42 524 14 207 468 437 666 858
905 20 407 284 797 551 40 42 440 708 581 204 79 720 729 475 348 989 610 868 239 754 376
328 549 663
584 337
128 257 2 3 907 651 140 911 659 295 936 49 61 705 706 452 69 590 335 216 345 102 105 876 365 749 252
129 774 781 529 660 535 24 925 416 677 301 173 303 49 179 52 182 439 60 836 708 454 580 716 723 84 213 467 220 503 356 231 236 622 499 629 247 764
523 28 29 673 294 168 715 76 333 727 986 991 225 866 237 622 117 378 638
864 289 546 992 710 427 719 273 724 534 639
482 581 902 749 561 152 921 603 988
512 769 648 12 400 273 914 276 789 414 37 805 686 944 693 573 203 471 482 999 371 883
161 550 105 10 47 399 948 666 312 537 922 443 220 925 638
770 260 521 778 915 788 796 542 553 172 812 45 940 945 820 55 56 444 319 322 324 75 470 985 380 349 221 96 611 744 368 242 630 760 764
0 512 643 904 146 787 658 279 664 793 410 540 414 672 935 48 692 569 954 581 710 200 73 78 339 89 95 865 353 614 486 999 378
130 258 12 526 911 659 663 667 668 930 943 56 329 337 89 602 732 349 366 880 754 117 375 511
2 390 140 272 927 934 168 683 556 304 332 470 860 228 487 624 886 759 633
265 906 11 780 782 16 790 153 287 935 426 691 55 570 967 973 207 975 600 731 350 95 222 225 228 229 232 105 489 746 370 116 761
513 783 666 794 540 670 800 672 166 815 48 727 735 740 357 486 621 624 625 759 378
608 4 615 630 631 987
961 964 207 115 729 797 511
1 898 4 778 651 779 658 147 31 547 677 421 679 428 562 827 188 64 449 581 582 711 203 459 720 721 724 981 216 600 733 480 865 610 867 231 494 112 371 762
65 938 243
956 139 237 431 369 149 124
696 578 860
645 781 13 659 34 37 39 41 47 433 308 444 973 462 974 79 213 86 215 352 226 995 482 356 358 104 750 119 121 763
513 259 772 389 911 932 292 676 301 941 944 438 61 190 577 843 206 342 348 478 95 489 376 889
647 11 277 415 930 548 556 942 560 819 55 316 193 69 968 72 460 844 976 725 344 104 508 126 127
996 455 107 209 788 472
775 393 401 18 661 790 662 533 26 667 160 161 293 934 552 811 303 817 822 438 192 836 75 984 89 731 95 502 503 635 382
272 81 829
833 453 616 555 236 702 653 495 431 785 368 404 696 57 250 316 574 799
289 420 805 293 905 398 783 989 465 593 725 61
3 133 268 398 786 668 926 287 39 170 813 817 818 181 576 833 69 455 854 87 984 217 347 92 221 98 104 508 112 632 380 638
131 772 646 902 908 524 400 528 293 551 174 182 970 87 90 494 881 373 377
258 137 778 919 420 805 43 432 819 447 577 838 971 590 79 595 986 363 627 884 634 635 763
681 311
128 389 267 781 16 402 915 25 925 797 32 418 292 165 423 45 438 696 68 455 712 717 205 463 466 983 216 986 236 621 495 755 123 763
770 907 20 917 795 284 937 433 952 569 831 705 966 336 596 341 986 220 353 866 493 878 112 240 883 887 248 635
912 546 555 428 430 817 51 312 60 848 722 211 468 599 855 216 224 355 228 739 239 752 883 374
130 386 905 524 269 911 784 912 918 280 537 281 412 35 419 300 689 695 185 443 62 201 74 717 854 858 736 609 483 240 241 624 625 116 632 377 379 252 127
129 264 11 18 160 420 176 186 956 707 586 592 80 472 984 349 479 998 748 501
768 898 905 522 652 917 666 26 411 433 563 573 62 197 456 590 598 358 231 237 891
129 515 562 595 691
2 139 786 794 412 805 551 427 683 940 559 192 838 711 849 465 984 858 733 95 740 232 240 629 885 376 891
128 769 385 899 773 275 791 673 803 809 170 685 305 947 955 61 574 702 833 194 73 74 587 460 972 714 597 347 733 990 611 743 254
456 289 375
770 783 271 659 791 416 164 169 940 172 52 951 67 195 709 453 586 336 721 342 728 472 607 100 358 617 874 110 878 501 117 379
1 267 396 651 15 415 944 563 577 67 586 844 468 852 855 991 993 738 620 621 881 372 500
481 762 454
260 5 646 655 911 402 38 306 459 207 209 850 725 854 599 344 862 354 240 500
106 134
518 532 933 299 302 955 318 960 449 706 193 452 327 463 340 608 361 751 242 754 501 759 635 381
258 518 521 270 16 18 663 152 932 814 181 183 73 842 203 217 97 355 228 99 870 625 886
323 454 110 750 784 502 506
778
192 65 737 133 873 173 431 598 918 27
768 517 647 11 908 142 662 153 411 798 286 802 676 684 429 686 685 55 185 444 327 337 84 980 983 473 90 218 989 997 105 503 376 634 765
648 393 913 786 532 791 669 159 40 683 48 51 960 66 451 588 981 220 106 493 626 119 125
707 452 71 791 861
962 355 68 810 651 364 173 653 524 845 338 660 761 922
672 288 610 195 548 710 806 8 358 178 120 538
386 866 773 358 460 557 109 334 717 752 524 397 404 280 91 60 350
2 515 392 14 26 795 549 682 432 696 570 443 830 62 321 199 585 335 225 106 365 749 750 383
257 387 516 261 526 533 406 279 420 810 171 176 563 59 315 63 66 581 210 599 856 730 603 349 235 876 491 622 368 113 373 763
553 876
385 387 515 6 783 20 930 37 300 176 827 447 448 194 588 211 344 90 732 607 621 627 756 630
646 392 786 920 796 926 931 36 425 436 311 193 845 350 736 738 99 618 750 765
384 259 399 911 18 659 917 534 280 927 929 292 804 561 949 952 443 316 582 327 588 977 471 473 218 93 349 222 733 102 359 236 492 878 112 880 754 630 888 382
581 38 905 746 810 687 432 113 405 831 151 380 285 286 799
71 410 657 241 26 381
387 516 935 264 361 203 301 309 822 887 181 222 375
578 555 780 813 814 463 630 765
256 786 22 790 539 800 803 424 681 426 686 818 182 60 578 580 452 970 587 206 335 103 616
388 389 893 399 276 151 280 921 154 156 799 801 300 556 445 958 448 970 463 978 345 729 860 608 353 994 100 872 233 364 637
193 770 642 234 619 526 400 818 281
864 323 266 747 846 758 919
514 902 6 788 534 406 150 413 159 674 171 172 826 190 450 326 589 81 600 238 122
485 582 599
112 201 216 647
257 658 788 149 791 537 795 412 39 299 941 431 177 307 442 445 963 458 331 334 976 984 223 353 483 611 635 233 365 379
33 483 868 965 777 522 138 303 18 371 979 791 795 763 447
640 258 526 275 404 534 279 24 793 411 30 929 803 807 940 944 689 442 59 317 582 70 457 331 462 849 594 85 222 351 992 376 615 493 238 622 120 505 123
642 418 487 552 841 394 942 271 400 304 19 372 117 758 599 374 473 634
824 410 636
161 419 848 560 371 84 476 126
297
776 649 777 397 142 24 155 416 546 163 421 182 55 438 58 188 574 832 449 581 584 715 844 343 601 348 94 368 242 244 759 121 895
36 453 839 202 618 179 885
387 776 528 787 789 418 817 831 64 326 714 85 597 345 487 619 491 376 251 638
131 3 392 8 280 538 796 799 159 32 290 805 680 42 173 436 825 575 191 192 712 969 842 586 978 93 863 96 480 104 753 501 118 887 121 250 763
608 705 199 8 811 427 337 273 657 980 825 921 507 985 383
576 611 804 623 147 853 438 854 793 252 414
448 586 812 397 78 462 172 562 402 20 372 532 52 500 181 693 379 764
896 836 869 90 903 296 614 715 333 301 879 373 62 89 986 286 31
552
641 131 8 138 17 658 538 284 926 33 162 291 547 805 166 293 937 556 821 568 58 575 703 962 199 461 206 345 865 619 123 747 624 246 377 891 509
928 97 859 738 453 614 648 650 748 813 46 174 215 795 125 62
395 15 528 401 275 787 793 795 926 804 293 36 550 945 308 58 700 452 324 459 589 213 220 605 221 997 110 242 499 253 506 891 381
896 641 3 643 392 395 908 272 285 926 37 551 296 43 183 700 835 582 199 970 334 724 726 474 220 733 96 353 484 485 228 872 488 752 246 121 251 511
904 521 393 400 668 814 563 564 706 79 207 214 599 731 223 227 229 870 621 116
129 780 782 527 912 669 542 424 175 47 690 566 951 954 829 576 838 74 343 988 864 994 751 764
393 657 17 148 276 788 558 456 976 848 978 338 597 600 984 733 478 225 354 98 614 490 498 377
256 901 390 903 777 522 653 790 676 295 168 169 41 691 820 181 310 319 704 833 456 73 330 715 844 338 599 347 93 990 223 995 357 870 234 494 368 627 756 638
903 168 233 339 599 827 926
960 612 285
295 714 267 660 309 955 991
258 263 395 272 917 277 419 422 299 179 181 566 310 61 702 191 63 833 966 717 852 981 218 349 739 357 362 111 758 119
869 5 457 844 909 279 987
770 134 390 652 524 785 26 539 540 924 159 290 806 939 44 941 945 818 948 53 310 311 56 313 699 702 451 72 459 971 976 466 467 214 982 216 349 101 485 490
192 229 974 431 308
448 994 227 363 491 268 847 85 949 762 891 957 702
643 656 530 789 31 805 679 176 688 307 705 967 972 204 462 719 590 337 851 985 92 623 113 381
771 516 5 777 400 25 43 814 968 969 980 853 862 867 237 238 752 113 246 761
